SAMPLES:	11984
BITSPERSAMPLE:	16
CHANNELS:	1
SAMPLERATE:	16000
NORMALIZED:	FALSE
123
95
140
155
175
56
135
75
24
117
43
93
105
99
84
104
114
64
81
17
12
34
78
106
22
19
26
40
19
55
46
-1
66
-68
-35
19
-46
37
32
25
58
-23
3
-41
-69
14
-86
-2
-59
-37
-36
-52
19
-15
4
-45
-1
-33
30
-33
-37
-32
-76
-69
-88
-16
-103
-114
-51
-43
-93
-22
-36
-74
-6
-93
7
-15
-84
-32
-110
-52
-118
-92
-101
-133
-83
-132
-138
-85
-68
-105
23
-21
-26
-47
-71
-88
-29
-17
14
13
-115
10
-31
82
54
40
47
-33
84
82
-36
135
38
-76
111
-71
91
-15
13
43
-1
53
-27
56
-36
33
15
-2
-79
34
-11
29
46
-2
120
14
77
-69
-34
-59
-88
-87
-77
2
-75
-73
-96
12
35
45
105
83
30
31
27
-19
56
122
86
49
100
101
48
100
71
47
57
71
117
117
131
102
155
94
112
169
47
87
21
78
70
-49
-24
-57
40
-1
16
28
-7
36
14
6
23
48
17
48
-60
-95
-12
1
-43
-89
-137
-150
-147
-147
-103
-159
-67
-23
-63
36
75
2
13
-47
5
5
-40
69
28
76
66
101
100
54
65
63
-63
-2
34
-41
118
-17
8
34
9
-26
-59
-1
-70
-50
-45
0
-24
16
-34
-116
-70
-141
-73
-38
-72
31
-76
-75
-39
-121
-11
-88
-102
-123
-157
-88
-97
-65
59
86
-59
-19
-67
-14
-49
-37
75
-4
44
-15
44
1
55
108
86
18
40
71
-103
48
-58
33
53
-29
68
-13
100
24
63
109
-12
11
32
-9
-35
29
0
-62
-47
-25
-7
-30
-24
-34
-42
-78
-75
-47
-98
21
12
14
46
-69
-57
-83
-76
-64
-87
-67
-64
-41
-41
27
24
-48
23
-25
-16
26
-25
35
105
151
128
94
96
66
97
114
92
101
102
65
20
112
54
85
164
124
160
72
119
105
108
184
140
153
111
16
67
112
1
137
131
128
182
93
152
31
53
24
-40
1
39
36
20
2
-88
-93
-150
-67
-46
-19
0
-43
-106
-106
-128
-146
-79
-147
-102
-135
-135
-167
-187
-123
-116
-82
-110
-142
-139
-172
-110
-44
-126
-79
-125
-159
-144
-133
-71
-96
-51
-33
-25
-69
-76
-5
-39
-37
0
-49
-52
16
-45
-78
-86
-115
-78
-105
-51
-78
-154
-103
-118
-39
5
14
41
0
13
51
91
72
45
64
-15
50
91
-21
70
-10
-15
41
77
104
26
25
-8
45
5
96
112
89
168
153
169
171
183
128
104
87
70
51
91
56
90
147
91
129
50
115
118
56
67
57
29
-6
48
-18
10
5
25
18
-23
8
-17
41
-18
29
68
75
71
41
94
23
30
-27
-14
-5
-64
9
-45
-33
-31
-76
-21
-42
-12
-16
-77
-35
-39
51
-12
-70
27
-63
-48
-6
-32
-65
-45
-82
-86
-64
-72
-73
-80
-11
-4
-31
-41
-58
-86
-30
-60
-48
-10
-17
-30
-9
24
-27
30
39
-1
10
26
-62
-38
-24
-31
43
23
21
85
76
39
107
17
24
-13
-42
5
-19
114
61
86
108
83
135
86
129
123
135
78
120
104
-2
46
-5
-40
-170
-101
-81
-112
-82
-62
-68
-122
-56
-137
-110
-107
-113
-96
-113
-127
-131
-172
-162
-149
-180
-143
-155
-137
-224
-178
-218
-123
-80
-144
-43
-69
-31
-62
-45
-89
-79
-34
-39
-36
-7
52
44
34
72
177
126
154
161
159
146
88
135
109
129
131
148
76
113
146
145
177
48
197
173
132
149
93
106
77
161
100
115
128
29
87
66
8
46
16
10
1
33
50
20
49
73
64
48
91
-23
-3
46
8
-14
-34
60
-17
57
71
-12
116
52
59
115
60
54
120
33
38
33
-58
13
-122
18
-5
-101
-8
-109
-58
-88
-119
-79
-70
-83
-61
-128
-174
-113
-200
-143
-134
-204
-112
-237
-169
-161
-308
-120
-123
-88
-64
-170
-135
-160
-139
-43
-48
-33
-24
-106
-92
-76
-92
-30
-4
-59
-66
-47
-47
-78
-63
18
-4
41
35
-3
38
19
63
47
114
104
82
135
63
66
92
75
-22
68
35
-1
94
33
141
112
18
23
-48
25
12
32
55
-86
-16
-48
-54
-33
-61
-50
-40
-52
-49
35
-54
-88
-7
12
40
30
69
115
19
130
106
157
109
58
190
91
184
87
165
164
138
135
75
134
11
168
132
126
138
24
134
42
58
39
-23
62
-63
36
27
-12
26
-5
20
-34
-1
-28
-25
-55
-7
-25
-1
-1
-36
-14
-79
-28
-63
-13
-9
-23
-43
-4
-28
-70
-120
-116
-71
-88
-23
-65
23
-64
29
-86
-78
6
-115
-4
-125
24
5
-29
-18
-32
-18
-62
-20
-1
24
-29
68
28
-42
-11
23
-33
8
-2
-37
1
-148
-72
-135
-84
-77
-48
12
-18
75
-70
-10
-59
-32
-42
-43
-26
-42
73
-123
-1
-2
-40
33
-21
68
8
25
22
-79
-76
-61
-31
-20
-38
-25
52
32
-17
9
23
-25
-43
-26
-15
30
-20
60
47
51
40
8
80
14
122
110
114
96
23
65
17
-86
33
75
-119
75
35
-147
2
-37
-29
2
-128
67
88
13
-40
22
-49
-92
107
-171
38
-45
-15
-6
10
92
-147
34
-179
-19
-18
-75
-11
-33
18
61
41
42
90
94
292
106
259
220
105
134
155
200
156
150
69
158
30
65
-38
82
103
18
149
56
81
3
57
35
56
-3
-11
-35
-119
-17
-88
-95
-60
-4
-89
-130
-76
-103
-156
-44
34
-41
38
-20
-19
29
43
65
-4
13
-35
-78
-85
-105
-14
-32
-129
-82
-82
-51
-21
-29
24
-52
-127
-69
-40
-54
-48
-65
-85
-151
-81
-81
-87
-99
-152
-115
-116
-45
-142
-105
-98
-86
-67
-72
-90
-173
-123
-199
-162
12
-25
-142
-18
-22
2
-28
-28
63
32
-10
49
115
33
84
12
104
105
27
67
43
67
17
-16
86
122
31
117
119
165
141
61
128
65
-26
-6
48
15
44
-27
33
-20
15
98
-16
93
-12
110
22
-29
87
74
92
54
106
-26
122
6
58
94
40
81
-44
139
66
98
68
18
30
54
44
96
152
49
93
58
104
72
79
90
73
0
-15
45
-9
-45
-19
40
-40
-43
-25
-24
45
50
-86
-51
-58
-60
-14
-93
-18
-16
-65
-86
-65
-61
-81
-112
-77
-105
-110
-11
-74
-32
-73
-115
-15
-83
-27
5
-45
-14
-58
-20
-24
-46
20
6
-1
72
9
57
6
-52
-26
-57
-32
-129
28
-36
-38
48
42
62
-2
109
56
70
3
-46
63
-13
-34
51
-2
60
24
-23
31
-82
-63
-155
-82
-1
-89
-42
-96
-49
-7
-118
-18
-79
-146
-56
-145
-107
-102
-73
-13
12
-23
-39
-61
-107
-51
-93
-5
-2
19
59
-38
-79
-35
20
-45
-56
49
-12
-11
54
8
98
14
98
37
30
42
-38
76
-20
122
59
66
61
60
65
50
149
31
132
102
124
196
183
144
118
89
78
100
66
46
62
127
34
39
33
43
-12
-6
60
31
30
93
114
83
104
60
104
73
35
20
51
-34
-29
2
52
8
-47
49
1
-1
-36
-11
-104
-121
-192
-85
-130
-182
-101
-209
-85
-174
-88
-46
-44
-76
-62
-34
-49
25
-53
1
-17
-32
-62
-84
-32
-63
-65
-38
-112
-10
-85
-76
-28
-56
12
20
69
-114
-9
-121
-9
-34
0
147
-23
188
-9
111
45
-33
107
77
48
70
102
-35
-1
-76
6
-50
32
46
-16
18
20
38
16
112
116
169
58
130
62
14
-15
-21
79
-11
55
40
4
-30
15
5
84
-23
9
54
-57
22
8
-29
-71
39
-45
67
-14
-93
-59
-175
-104
-147
-37
-93
-32
4
-155
-72
-42
-125
-107
-64
-116
-109
-96
-111
-34
-84
-142
-68
-67
-19
-77
-1
-13
-68
-38
-82
-51
20
-34
-73
30
-161
-29
-144
-110
-12
-143
-36
-197
-97
-126
-52
-17
-79
-67
-63
-59
-109
-64
-177
-43
-12
-83
61
3
34
149
71
159
135
195
236
175
304
306
344
341
323
301
438
413
356
453
442
488
520
494
460
546
489
582
535
516
513
404
504
313
404
341
291
327
190
249
149
54
6
-6
-51
-96
-188
-68
-167
-358
-357
-420
-378
-507
-466
-471
-544
-593
-642
-497
-502
-592
-570
-598
-574
-544
-497
-411
-445
-439
-572
-486
-473
-553
-644
-606
-425
-491
-444
-440
-360
-478
-472
-399
-228
-297
-476
-370
-397
-283
-466
-359
-312
-459
-399
-295
-303
-381
-496
-437
-192
-351
-310
-235
-4
-16
35
176
256
322
169
562
644
758
744
841
973
940
1184
1175
1322
1249
1220
1256
1404
1529
1453
1401
1416
1485
1328
1450
1366
1342
1307
1070
1245
1188
1032
890
776
780
576
541
456
267
143
-94
-91
-153
-325
-557
-601
-675
-875
-952
-1159
-1067
-1219
-1345
-1266
-1298
-1314
-1404
-1388
-1368
-1406
-1445
-1331
-1317
-1253
-1405
-1335
-1180
-1214
-1047
-988
-842
-914
-839
-777
-681
-533
-544
-423
-332
-286
-353
-285
-100
-146
-110
-79
26
187
-32
-71
-39
201
296
324
209
14
79
21
286
160
121
-53
16
388
233
271
5
97
359
386
506
386
308
385
487
766
916
772
722
683
863
1097
1216
1169
1026
999
1127
1248
1342
1342
1095
1144
1254
1299
1276
1189
1182
1087
1040
1033
952
847
702
605
564
539
391
313
253
-53
-99
-220
-262
-325
-522
-618
-765
-785
-938
-1039
-1131
-1213
-1367
-1459
-1368
-1377
-1351
-1502
-1503
-1438
-1477
-1353
-1334
-1250
-1312
-1294
-1170
-1138
-1023
-1013
-864
-813
-823
-742
-673
-559
-501
-375
-268
-225
-172
-250
-39
51
114
136
56
320
193
403
429
550
614
388
625
614
808
625
686
789
730
770
716
882
710
773
703
755
879
624
770
721
693
771
551
537
499
451
319
403
520
349
248
150
222
75
-29
-140
-276
-146
-141
-64
-337
-568
-679
-569
-284
-646
-665
-935
-857
-728
-635
-499
-921
-881
-955
-364
-398
-695
-691
-721
-393
-357
-129
-65
-203
-295
-139
271
559
393
376
336
551
730
692
756
645
684
684
975
1049
1007
794
803
1015
855
999
946
840
753
639
815
954
737
538
449
396
396
246
337
269
11
-99
-215
-74
-84
-303
-374
-506
-500
-519
-566
-620
-712
-758
-831
-658
-698
-728
-710
-726
-685
-643
-663
-662
-569
-670
-548
-526
-395
-425
-473
-381
-448
-362
-397
-360
-376
-313
-374
-280
-172
-208
-38
-217
-185
-64
-173
-106
-164
-84
-61
-113
-76
47
121
-88
6
-39
61
53
83
94
-8
95
-101
168
23
-8
-9
-375
-151
62
304
110
-315
-572
-232
279
-74
-32
-319
-372
-131
-4
175
-522
-645
-585
166
247
-303
-326
-400
7
175
408
389
257
-18
60
635
1007
916
504
403
692
1026
1113
1127
1009
893
895
1147
1380
1376
1159
1176
1379
1434
1362
1228
1255
1069
994
1124
1242
1118
734
584
712
621
467
546
441
123
-312
-184
-89
-65
-381
-695
-721
-949
-1168
-1292
-616
-1364
-1358
-1512
-1739
-879
-1887
-1355
-1491
-1675
-1511
-1590
-1126
-1721
-1214
-1657
-1436
-695
-1409
-918
-1306
-1179
-463
-1050
-435
-646
-445
-464
-424
176
-161
193
-341
370
260
82
383
577
797
-274
626
375
580
741
1375
1360
-290
1115
938
2217
454
305
1602
-241
1781
1168
2032
-896
-445
1160
534
2317
-1005
404
-799
-10
1044
468
568
-1750
-48
-416
880
498
-986
-495
-776
128
389
252
-587
-1159
-683
-101
299
70
-858
-979
-980
-150
237
-177
-310
-1069
-885
-758
269
126
-856
-861
-962
48
-179
-297
-523
-919
-743
-137
729
-121
-591
-546
-38
491
544
304
243
249
-124
713
1276
856
634
329
769
1326
945
866
1185
869
622
1233
1176
1128
785
898
1178
1053
1125
852
983
657
946
778
731
1016
425
484
206
447
578
-47
163
-90
-276
-401
-467
-314
-717
-788
-1023
-854
-950
-1184
-1133
-1237
-1271
-1326
-1152
-1192
-1248
-1539
-1387
-1142
-1198
-1223
-1300
-1095
-1087
-922
-703
-950
-942
-730
-439
-367
-342
-292
-314
-120
-230
350
144
38
197
4
448
450
530
310
522
500
674
670
629
816
771
758
682
1158
643
847
979
631
780
731
604
743
639
470
676
412
409
371
314
149
342
10
36
155
289
-107
-474
238
-413
208
-452
-387
-365
-559
139
-275
215
-1060
-212
-120
-255
267
-485
-330
-645
-365
-412
-235
-297
-353
-210
-650
-821
-38
-570
-315
-637
-821
-245
-957
-138
-905
-623
-1094
-538
5
-495
-273
-1202
-503
-402
115
-97
-342
-294
-480
-143
154
278
303
-46
-171
372
563
668
382
559
451
703
701
895
896
660
690
857
1352
849
890
616
1024
1117
1077
1257
984
1052
832
1254
1109
1180
1014
917
861
624
802
791
853
459
343
363
318
121
273
50
-31
-175
-351
-276
-502
-411
-538
-333
-869
-775
-672
-835
-738
-900
-598
-894
-937
-789
-718
-810
-1047
-699
-625
-834
-664
-782
-688
-811
-739
-480
-606
-876
-794
-646
-431
-398
-884
-445
-715
-369
-499
-223
-152
-544
18
-446
302
-253
65
86
-287
364
-401
379
-26
116
210
-327
349
38
297
-24
-8
-6
40
457
166
-34
-14
246
13
130
-33
190
201
152
131
339
322
371
744
41
977
516
419
845
536
467
347
742
114
189
-120
407
1201
283
-341
-135
-105
851
476
-402
-211
-692
317
40
73
-1046
-1282
-358
-144
623
-1059
-1046
-1339
-378
347
-250
-241
-867
-639
-681
285
609
68
-799
-565
212
588
333
-89
-78
-123
388
556
995
287
213
350
808
1157
642
1012
598
933
948
1084
1381
984
827
758
1058
1062
1064
918
892
882
629
712
848
771
606
358
407
295
120
-9
-103
-97
-243
-601
-822
-525
-823
-736
-1103
-1174
-704
-1018
-954
-886
-1014
-1382
-1010
-970
-984
-1147
-1309
-1089
-1185
-868
-987
-938
-1101
-974
-992
-803
-433
-889
-854
-799
-281
-514
-318
-134
-483
-396
-312
500
44
38
235
-25
68
512
737
384
70
165
1009
509
638
700
344
322
551
742
268
281
150
769
359
172
187
103
286
227
566
-259
447
125
50
439
1
647
22
411
176
503
432
26
545
98
907
204
251
138
-537
-34
131
1372
453
-870
-758
-61
457
71
-292
-872
-965
-564
288
-91
-1008
-1809
-975
192
347
-426
-1677
-1218
-755
331
53
39
-858
-1446
-465
258
1068
300
-406
-980
446
745
899
622
113
485
562
1441
1084
1161
541
829
1446
1574
1406
1071
924
1036
1604
1342
1639
1017
982
868
1056
1250
811
693
419
606
296
331
-3
68
68
-14
-263
-594
-638
-939
-663
-397
-802
-1569
-1609
-1385
-830
-1337
-1295
-1566
-1908
-1221
-1474
-958
-1727
-1843
-1478
-1017
-766
-1578
-1564
-1805
-696
-462
-917
-807
-1173
-946
-417
-149
192
-630
-767
77
715
800
-721
-1
156
897
898
366
867
272
614
754
1973
814
738
685
757
1839
963
1074
888
1214
315
1004
1104
934
506
-416
974
1125
467
7
577
-220
311
545
386
-17
-187
142
-243
585
-26
534
-655
-610
420
84
-80
-276
476
-527
-312
467
315
-983
-1669
-645
779
619
-763
-1253
-1698
-951
65
2
-1165
-1994
-1699
-443
59
-879
-1984
-2540
-900
740
459
-1264
-2107
-1397
-342
693
528
73
-1168
-1451
-7
1350
1739
118
-502
-44
972
1839
1346
1016
471
616
1343
2058
1921
876
970
1268
2059
2133
1392
1333
1059
1246
1521
2083
1578
774
819
742
1284
955
539
729
416
-30
-59
-190
-56
-39
-656
-643
-605
-846
-1169
-1169
-1080
-1099
-1415
-1614
-1254
-1147
-1696
-1563
-1334
-1637
-1101
-1416
-1097
-1358
-1424
-901
-908
-472
-1289
-752
-893
-422
175
-753
-371
-716
-150
234
-182
248
-225
-86
-15
282
573
-73
357
168
513
419
643
635
45
668
347
561
398
589
939
409
327
531
654
726
30
550
735
269
427
-129
951
-280
253
667
-67
343
-454
716
143
491
-162
433
548
-140
775
-561
971
379
419
29
185
516
-22
1230
-158
601
-222
73
647
-44
-991
-1708
-209
593
887
-991
-2237
-1908
-515
-211
-517
-1418
-2472
-2019
-598
-45
-1184
-2995
-3015
-28
390
-121
-1819
-2373
-1290
-435
861
444
129
-1778
-1438
651
1570
1943
112
-692
208
1494
2137
1733
1030
439
879
1894
2461
2377
985
666
1829
2486
2366
1850
1279
567
1413
2031
2228
1651
428
647
1125
1299
893
766
314
242
126
-233
43
-204
-524
-674
-335
-649
-1174
-1352
-1508
-964
-851
-1028
-1201
-1735
-1674
-1172
-1001
-1180
-1199
-1338
-1413
-866
-667
-592
-864
-1214
-633
-226
-322
-245
-305
-473
-322
-48
164
425
30
-475
-138
32
378
448
-202
-577
-697
-299
301
490
95
-473
-367
-39
598
412
-448
-579
-126
1334
782
154
-342
-879
298
587
1271
395
-715
-789
130
837
349
77
-581
-592
119
902
303
102
-421
-49
542
638
688
88
-76
-150
1101
1022
759
231
-88
391
145
-314
-1001
-468
248
691
-101
-1724
-1633
-1408
-278
-19
-1409
-1716
-2228
-664
10
-892
-2601
-2916
-470
405
913
-708
-1524
-1035
-720
1217
1857
1158
-403
-735
1051
2417
3119
1722
683
791
1276
3055
3072
2283
929
740
1996
2669
2710
1345
964
1238
1727
2270
1636
904
250
120
974
1624
1109
-63
-643
-530
-186
-5
-161
-296
-1122
-1825
-1377
-1227
-1035
-1249
-1775
-1721
-1801
-1880
-1854
-1614
-1530
-1480
-1592
-1514
-1590
-1597
-1140
-1004
-590
-984
-1034
-448
-495
-259
-165
159
-14
-150
312
226
528
348
430
447
-1
273
445
645
480
459
264
332
341
13
272
84
256
270
228
212
67
38
70
501
196
219
171
-17
91
34
154
408
530
-50
-112
-162
52
431
204
69
-1
-175
-147
428
204
79
-77
-42
281
152
22
42
119
98
349
287
420
-16
68
45
11
-443
-2021
-1944
-725
367
253
-1415
-2343
-1877
-1969
-869
-889
-1334
-2344
-1920
-182
-739
-1340
-3059
-1169
445
629
663
-478
-408
-623
592
2094
2988
1877
3
365
1586
2740
3315
2653
1867
1407
1423
2537
3060
2491
1623
1486
1676
2008
2172
1483
1282
809
778
1354
1485
885
-211
-507
-403
565
719
-25
-447
-1465
-1543
-580
-31
12
-991
-2074
-2097
-1488
-924
-823
-854
-1444
-1716
-1684
-1456
-797
-818
-992
-1268
-1152
-556
-613
-656
-939
-214
-128
-420
282
19
274
-505
-136
274
446
480
12
432
-872
17
360
577
383
-715
-34
-234
30
-366
-109
-34
-222
-287
-398
109
-47
-100
-474
263
240
182
3
-396
212
-158
419
470
403
-99
-485
304
64
255
232
244
-82
-422
130
199
104
-132
4
165
-29
23
228
-72
-22
301
-80
468
666
367
-186
-961
-992
-2041
-2554
-1411
159
529
-1503
-2557
-2307
-2570
-1018
-861
-1058
-1441
-2092
243
328
-431
-2213
-1468
1099
2047
3003
767
337
-5
657
3347
4110
3764
1565
462
862
2363
3719
3269
2886
1739
1277
2243
2159
2085
1393
454
902
1577
1609
811
32
-675
-292
758
840
825
-782
-2203
-1655
-742
659
762
-260
-1650
-2333
-1682
-627
577
7
-1424
-1952
-2233
-1366
-492
-775
-859
-1636
-1654
-804
-721
-853
-1247
-1105
-750
-343
-319
-595
-829
-1239
-161
657
335
129
-224
-216
-148
31
288
849
728
47
302
35
58
246
86
722
725
131
-217
-286
60
429
458
144
47
-54
-317
-83
216
197
63
-168
172
196
-224
-137
0
398
203
-98
55
-257
-242
-25
277
388
100
173
-128
-402
-280
260
169
-81
90
-303
-324
-817
117
591
-18
70
-289
-200
-2233
-3927
-3212
-1817
-137
-306
-1058
-2050
-3095
-2851
-2086
-968
-1595
-1443
16
467
687
-1131
-1630
105
1756
3006
3297
2507
1091
652
1135
3282
5195
4116
2551
1350
798
1902
2461
2716
2521
1651
1423
1702
1518
528
145
-146
476
1242
1058
879
-524
-1390
-986
-38
924
803
172
-1008
-1421
-1100
15
1120
699
-192
-992
-1231
-860
220
308
-126
-1038
-1701
-1129
-922
-517
-727
-1123
-1412
-1592
-1525
-1586
-1466
-1161
-1375
-1303
-780
-522
-267
-1545
-1167
48
-103
984
814
216
-152
-969
379
1220
1318
1341
761
249
-790
-31
589
1284
1196
-378
-127
-750
-323
10
-58
572
-121
-4
-474
-34
-102
-324
316
-61
806
462
340
40
-409
304
447
972
655
611
11
-410
226
142
539
381
-34
-275
-598
-537
-417
-333
-806
-629
-803
-1421
-602
-674
-459
-703
-935
-397
-735
-2124
-4827
-4550
-3960
-1613
412
-560
-1107
-3091
-3290
-2408
-1198
-1365
-416
914
1137
2613
718
-170
262
1087
3627
5123
4365
2944
1812
694
2997
4815
4411
3725
1741
607
846
1296
2099
2909
1769
822
1193
447
-20
-354
-821
201
951
1136
1269
-34
-1500
-1354
-326
863
2014
1744
368
-763
-1578
-430
1298
1234
969
43
-883
-647
-371
-95
-583
-1608
-2361
-1860
-1192
-1159
-1098
-2222
-2903
-2735
-2537
-2131
-1783
-1815
-1628
-1356
-956
-236
-168
-593
-641
252
-87
1195
2041
1488
1357
-416
55
520
982
1360
1512
432
-1067
-566
-1384
102
116
-854
-851
-1787
-1059
-597
-391
-596
-95
-303
-287
796
462
1023
985
843
1733
1649
1511
1338
830
821
1094
1389
1642
1187
110
-498
-538
-783
-444
136
124
-433
-1438
-1756
-1675
-1391
-844
-613
-810
-1241
-1451
-458
-602
-471
-370
-3130
-3587
-4051
-3336
-1518
-2373
-1179
-88
-1245
-1447
-1927
-2585
-2070
-1778
983
3135
3169
1542
508
705
216
2951
3834
4959
4345
1768
2590
2711
3646
3511
2033
1256
1392
1504
1477
1575
1403
1132
461
197
652
1055
324
38
30
587
979
1146
733
7
-377
-381
1100
1517
1874
910
-261
-788
-720
398
612
1010
382
-311
-1032
-1733
-1689
-1504
-2044
-2341
-2441
-2376
-1712
-2385
-2554
-3033
-3262
-2556
-2005
-1368
-1658
-1225
-358
-326
506
587
836
1426
199
1674
1658
633
1707
922
1492
77
-1377
-529
-341
97
-119
-79
-1647
-2022
-1741
-1765
135
-411
-405
-423
-1153
415
822
658
942
1378
1338
1701
2522
1948
2309
1408
907
1973
1448
1592
772
234
338
178
173
-358
-370
-1451
-1248
-1142
-1691
-568
-1311
-1179
-1006
-1905
-760
-985
-793
-369
-339
254
-935
-372
520
702
1032
-106
-1499
-4074
-5939
-5076
-3406
-1784
-919
-219
-942
-2653
-3292
-4276
-3995
-3150
-34
3911
4323
2972
632
-611
-387
1859
4232
5496
5171
4035
4077
3882
3653
2744
1595
645
1183
2036
2785
2772
1130
28
-1009
-524
484
1079
704
278
904
1073
1417
540
18
30
80
1768
2999
3759
2659
479
-524
-1070
-12
1037
1814
1713
246
-715
-1924
-2161
-2459
-3054
-2883
-3009
-2419
-2173
-2383
-2847
-3648
-3518
-3017
-1580
-394
-631
-1014
-1191
-215
726
1039
1379
1544
1553
1011
901
931
694
290
84
252
-452
-1491
-1893
-1882
-1414
-1437
-1637
-1601
-2082
-1924
-1712
-1000
-618
-565
-158
-146
750
781
1109
1678
1509
2146
1900
1922
2019
1707
1698
1354
1662
1265
1162
784
75
174
-533
-86
-217
-655
-657
-1368
-1116
-1084
-854
-605
-822
-949
-1320
-1021
-741
-408
298
582
709
441
334
663
710
691
802
1339
881
-434
-2726
-5741
-6209
-5924
-3328
-609
-773
-794
-2829
-3451
-3323
-4415
-3220
-1733
873
4181
4862
3955
1757
158
288
2037
4886
6103
6760
5072
3872
3600
1739
1238
-60
-132
599
1341
2747
2042
111
-1932
-1978
-1276
-256
802
1008
1735
991
700
569
384
763
926
2146
2822
3449
2770
1666
371
-917
-330
295
1576
1395
276
-796
-1963
-1848
-2208
-2329
-2812
-2998
-2717
-2801
-1952
-1552
-1296
-1965
-2164
-1178
-805
-477
-475
383
776
481
1183
1635
1219
24
-520
353
380
-13
514
9
-916
-1915
-2377
-1554
-1727
-1428
-1245
-1670
-1982
-2376
-1761
-1857
-1315
-1192
-1150
-276
-305
536
131
142
658
729
1614
1398
1596
1239
955
1300
1479
2186
1609
1122
845
507
697
290
466
222
-453
-603
-729
-515
-791
-705
-951
-887
-636
-585
-86
-709
-558
-377
67
939
1177
1268
1007
1190
1443
1733
1508
1495
1239
-310
-2489
-4901
-5539
-5548
-3276
-752
-736
-692
-2987
-2493
-2841
-4608
-3447
-2684
1764
4637
6062
4878
1049
-203
-576
2900
4841
5779
5883
3754
3989
2352
1574
435
-1463
-902
-698
1828
2414
1077
-979
-3564
-2739
-1762
477
1147
337
282
-446
509
874
1380
1561
1054
1873
2721
3746
3259
2074
812
-406
249
1149
1881
1508
-48
-950
-1326
-1618
-1410
-1772
-3034
-3541
-3326
-2034
-1342
-1557
-1716
-2342
-2402
-1804
-318
783
333
-276
-283
562
1268
1400
1744
970
378
485
622
1301
-43
-885
-1354
-1929
-959
-1620
-1478
-2023
-2664
-2482
-3058
-2004
-2395
-2055
-2089
-1952
-776
-1475
-324
-423
-109
847
561
1859
1744
1695
1470
1131
2047
2204
2490
2107
2348
1833
820
1159
464
424
-251
-480
18
-583
-553
-1049
-1294
-1586
-1660
-1303
-1110
-403
-490
-148
-102
28
863
757
1348
1637
1496
1979
1790
1754
1490
1198
1490
620
-707
-2892
-4639
-5451
-4534
-2426
-1920
-1329
-2713
-2521
-2497
-3660
-2804
-3472
-965
1824
3792
4948
2766
1206
-395
1014
3191
4668
5303
3589
4096
3142
2118
1243
-335
-95
-1075
-145
1492
1774
291
-2292
-2744
-2229
-910
13
591
786
301
621
1028
1582
1712
1379
1892
2777
3980
4683
3917
2383
1107
383
472
1115
1732
1870
505
-1022
-1629
-1873
-2400
-3143
-3370
-3261
-2836
-2892
-2410
-1943
-2783
-2547
-2232
-901
594
597
605
28
214
440
986
1133
955
702
109
578
185
374
-331
-1633
-2479
-3182
-2344
-2122
-1510
-1919
-2711
-3315
-3593
-2405
-2517
-1422
-1103
-1071
-181
-544
440
208
180
886
1268
2186
2294
2633
1815
1414
1433
1477
2534
2054
2031
1267
339
642
-43
219
-63
-331
-701
-1228
-879
-1343
-890
-1438
-1427
-794
-865
93
-33
547
998
1150
1643
1277
1452
1522
1867
1911
2104
2233
1861
1898
664
237
-1274
-2203
-1256
-2862
-3505
-4026
-2740
-1836
-2875
-1923
-2171
-1561
-2802
-2111
-202
-1011
941
1247
2846
2499
499
1425
1212
2902
2691
3006
4226
3099
2526
75
198
91
-1208
-481
-376
1601
315
-1487
-1728
-2300
-1011
-1192
405
1146
470
429
-25
1597
1889
2043
2594
2462
3424
3484
3540
2897
1492
1334
1075
1091
1509
1393
698
-213
-843
-909
-1380
-2521
-3080
-3059
-2913
-2663
-1998
-2141
-2062
-1934
-2232
-1131
-1021
-32
543
-129
364
-160
248
208
472
892
-205
-401
-758
185
-468
-1794
-1565
-2733
-2025
-2050
-1672
-1063
-2845
-2067
-1769
-1348
-1580
-2316
-1468
-1735
-488
-182
617
1104
-51
807
316
1286
1930
1388
2252
1594
2291
2154
1568
1683
868
1341
1049
1292
1466
854
229
-849
-608
-891
-795
-611
-950
-549
-1243
-843
-101
-597
-490
-527
158
842
1160
1669
1630
1352
634
972
1495
1572
2158
1625
1464
1272
565
676
-721
-1648
-1707
-1608
-1914
-3258
-2554
-2151
-2230
-2402
-2483
-1082
-1971
-2687
-1084
-1171
-1063
-871
559
2391
1081
668
691
2023
1982
1095
2763
2546
2310
571
64
1971
286
-455
-501
516
1571
-326
160
-248
-540
-464
-410
1855
1521
1183
630
927
2045
1572
2357
2483
3159
2627
1568
2833
2028
1507
541
309
1568
223
351
306
-342
-1175
-2459
-1662
-1946
-2168
-2494
-2386
-1495
-2333
-1683
-1616
-1678
-1412
-1912
-597
-400
-222
-141
-602
-120
-344
-154
-43
101
346
-492
-1199
-1226
-661
-645
-1283
-1068
-1059
-1414
-1578
-1787
-1497
-1955
-2140
-1159
-464
-369
-886
-1035
-856
-223
302
877
1475
1241
1004
876
1239
1499
1334
1101
1262
1396
1148
885
674
434
184
338
302
297
-200
-638
-719
-916
-480
-608
-502
-438
-692
-269
101
967
813
380
372
354
818
919
1736
1833
1217
902
830
1354
1268
1041
979
908
697
363
264
-74
-767
-1173
-1072
-867
-1432
-2388
-2126
-1730
-1864
-1571
-1317
-818
-1291
-2024
-1007
-981
-933
427
1328
1809
514
-431
282
723
710
1025
2067
1804
1480
469
456
1369
-122
-27
882
1623
1715
530
461
504
-368
-350
710
1361
1221
937
1317
1400
990
642
901
902
777
1174
1492
1459
848
450
0
-242
-251
-148
-51
-310
-410
-1135
-1531
-1568
-1697
-1454
-1657
-1061
-650
-996
-969
-1019
-1125
-1165
-1072
-656
-136
-315
-417
-717
-998
-644
-539
-753
-788
-589
-604
-476
-348
-437
-618
-779
-968
-601
-728
-530
-40
-561
-36
-196
-351
-161
-337
-122
4
276
314
351
-225
-432
-369
-617
-152
200
140
212
-97
-175
-71
-73
302
355
714
912
827
576
354
439
274
251
556
795
736
616
472
326
169
246
334
417
539
479
408
420
471
537
523
746
574
493
707
391
357
157
212
277
295
191
211
166
-116
229
-210
-660
-811
-945
-567
-183
-106
-181
-587
-832
-504
-512
-623
-394
-165
-144
-52
153
-225
-826
-818
-287
68
-26
278
514
-7
-239
321
299
183
91
213
796
221
158
580
471
164
121
628
588
626
548
610
781
397
351
404
618
513
449
707
641
422
-80
-86
49
-296
-124
84
232
36
-186
-18
-234
-64
-286
-233
-101
6
199
-7
318
82
-89
-88
-95
76
-225
-351
-115
-304
-406
-691
-657
-517
-1006
-767
-805
-414
-489
-758
-359
-565
-418
-602
-269
-20
-259
-258
-308
-484
-949
-830
-698
-667
-834
-746
-749
-980
-1158
-1120
-819
-606
-283
-347
-52
-250
-422
-229
-56
221
349
108
296
525
105
185
321
434
-204
272
295
494
725
184
592
209
487
526
1073
820
308
726
684
905
1014
870
872
1139
230
559
1404
795
325
552
292
322
385
-41
888
334
-114
925
463
560
815
-53
383
474
667
379
800
1032
-131
733
-316
691
-84
-318
590
-658
839
-598
548
-474
-941
-48
-1139
296
-502
-245
-635
-330
-421
-1022
-337
-839
-1011
-536
-768
-657
-637
-1286
-649
-1233
-989
-788
-832
-947
-1018
-820
-1122
-479
-1354
-768
-550
-1104
-582
-679
-195
104
-282
-405
226
21
81
643
971
683
829
1024
940
1416
904
1012
1006
1000
572
774
745
414
1013
187
827
637
440
81
251
427
-440
1061
157
656
702
118
391
-264
568
-207
366
514
-211
254
79
-198
-224
-687
-1047
-406
-242
-796
214
-540
-1535
294
-1295
-513
-605
-764
-317
-1650
218
-910
-271
-1270
-814
-342
-1825
669
-985
-156
-562
-1157
261
-1282
110
103
-164
51
-43
430
-551
1346
-203
-409
1876
-294
1101
196
1142
-151
80
840
-290
1613
-1668
2110
-709
92
1527
-246
1114
-665
2308
-790
1772
708
1295
1286
-442
2599
-10
1424
555
1125
874
711
316
979
634
-125
656
-746
541
8
-534
-624
361
-1206
-361
353
-467
-685
230
-310
-550
-247
-1120
1844
-2180
-225
-403
-292
-228
-1826
1220
-1699
-879
-912
-179
-1488
-817
-1397
-1368
-92
-1167
-1059
-1198
-344
-1723
-106
-1065
21
-389
-1210
-111
336
-282
-140
175
-184
1338
-1441
1565
315
-713
817
-469
159
587
963
-964
2020
-113
-460
1471
-976
1750
-165
684
507
1262
1004
-1231
3229
-1620
986
519
783
657
-548
2734
-2819
2397
-563
-881
1640
-864
-72
474
336
-718
969
-932
641
-291
-95
-20
863
-713
-712
2202
-2620
699
13
-1181
489
-1256
31
297
-1378
-405
-70
-467
-635
-163
537
-1144
1101
-839
166
-123
22
615
-802
1385
-356
96
405
310
-828
940
-1391
549
987
-1925
2309
-1220
17
-17
337
-494
782
619
-1843
4269
-2494
1466
2391
-1996
2511
282
219
1164
1182
-1046
2606
52
-241
1996
-1281
1229
17
-236
425
594
-1261
359
481
-1947
1265
-1098
-442
1261
-1802
475
626
-2157
827
-754
-253
278
-1500
953
-1692
343
-1173
-118
-634
-1560
1305
-3298
1890
-1600
-1020
135
-2161
303
-1599
675
-2431
1339
-2226
-511
1354
-2825
1896
-1617
671
-898
263
305
-831
1401
-1305
1128
-542
239
935
-799
1011
-232
313
812
-410
679
-574
670
811
-411
664
326
-184
49
700
39
458
784
-165
967
991
-1395
1605
-468
152
1301
-515
804
243
1042
-1574
2186
-841
-640
1924
-1716
1467
-548
-538
-90
-41
-990
-243
805
-1746
32
209
-1085
-144
-747
-158
-717
194
612
-1322
2628
-2534
907
1813
-2231
2976
-987
300
551
1000
-846
940
764
-2012
2653
-2265
1010
850
-1874
910
-44
-123
-949
1453
-1256
614
92
-283
1979
-1676
2089
-203
691
1348
-526
1611
27
970
728
520
282
1174
-346
529
1216
-747
597
-266
495
-655
940
-1364
795
-751
-937
1838
-3184
2033
-2075
-245
238
-1105
-84
-247
-613
-1000
1087
-1906
473
-538
-150
-1583
802
-1102
-936
624
-1763
643
-1515
-50
-940
-292
-1115
-1287
432
-1234
-1699
1715
-1622
-1329
1927
-2317
1360
-497
147
129
-53
361
-572
2205
-2263
2137
-200
-571
2018
-1376
1089
-219
767
-545
1142
-79
-356
1437
-857
-227
1864
-2006
1145
1134
-2212
3214
-2513
1942
-1003
1264
-679
99
2453
-3884
4480
-2343
967
1230
-1093
755
725
-622
808
1186
-1494
927
-27
-553
-160
1110
-3217
2272
-1850
-282
662
-1552
769
-1956
1433
-1876
2117
-1628
451
1043
-1074
1064
-192
1116
-1090
1269
-360
520
145
-256
186
5
-394
152
-134
-319
651
-1064
1040
-957
1342
-974
769
952
-1177
2268
-1384
2733
-1290
1431
456
-499
2284
-1376
2382
-1650
2429
-828
564
1697
-1758
2473
-1894
930
661
-890
182
-189
150
-521
31
740
-1331
289
-491
-922
481
-1239
-181
-406
179
-2074
1421
-1497
-943
1060
-1849
1048
-1695
787
-1955
1059
-1000
-1297
1799
-3022
2036
-1881
-193
41
-1339
63
-564
-332
-605
109
-1290
792
-831
-204
-353
321
-827
743
56
-751
1881
-1596
1109
108
164
836
-471
998
341
-670
2190
-612
508
1430
-1395
2072
-621
541
183
432
-126
-19
1154
-813
1061
-360
159
496
-695
519
669
-1641
2252
-1228
6
2348
-3003
2154
-426
-1003
890
-262
-624
972
-628
-680
1286
-1717
-348
841
-1363
-62
492
-1887
1551
-1560
-931
1951
-2998
1877
594
-2173
3345
-1988
-104
1480
-303
-657
1798
-516
-1548
4132
-4309
2452
406
-1928
1274
32
-239
-419
1756
-2477
2809
-1351
-99
1377
23
-620
898
1134
-1887
2733
-1847
1174
923
-406
-139
1726
-315
-1177
2790
-2477
1878
-438
-528
1180
-520
256
-778
1307
-1426
865
-320
-955
1909
-2107
165
702
-1229
398
-441
-74
-574
499
-1164
317
764
-2651
2065
-1642
350
-1014
1065
-1677
-643
2776
-5919
5014
-3739
672
-456
-1655
1431
-2392
1800
-3370
3872
-5107
3555
-2304
-196
2758
-5081
5012
-3524
2658
-2236
2154
-2085
1379
995
-4170
7042
-6245
4073
-447
-922
2350
-1136
1251
-756
3213
-3554
4136
-1715
-735
4294
-5057
3152
839
-2665
3101
-412
-324
676
279
-348
-265
2638
-3942
4140
-1643
-1416
4363
-5231
3554
-1167
-445
447
289
-774
179
-243
-1214
1818
-3034
2402
-1597
781
-1384
1165
-1685
-373
1787
-3548
3092
-1860
-64
592
181
-1796
2820
-2892
636
1904
-3125
2287
-592
-226
-256
928
-1632
1952
-1355
67
1610
-1089
4
2148
-2240
1682
1349
-2893
4363
-1891
1446
-458
1992
-1105
772
1733
-1589
3220
-2595
2575
-777
170
33
-95
918
-1757
1785
-468
-131
-696
1365
-1510
-1149
2464
-3168
1574
227
-831
209
-663
958
-2367
2129
-2275
468
1575
-3161
1905
-272
-2307
873
-762
-917
961
-1296
-112
-1616
2056
-3678
1050
870
-3148
2860
-3025
1995
-1213
-302
-607
396
-306
-470
1172
-1551
1924
-2728
2087
-582
-275
164
59
210
-756
2421
-2518
2755
-1255
-493
2847
-2761
1604
1756
-2762
2738
946
-1869
2791
-831
-15
1365
718
-1150
2574
-1284
291
2091
-2747
3258
-2145
740
485
-675
1429
-749
-123
-536
893
-1855
1208
-310
-1966
2871
-3177
1051
1522
-4178
3269
-2366
-108
1602
-2187
423
451
-1028
-424
987
-1435
583
-220
-336
309
592
-2574
2785
-1365
-791
2120
-2652
1246
40
530
-2025
3658
-3666
1768
166
-1582
3473
-4275
3495
-1653
1438
-906
736
832
-1553
2547
-1322
865
1543
-1339
808
1549
-2328
3263
-1814
485
2295
-2393
1582
756
-920
438
-69
9
-381
1741
-1498
-513
3790
-6137
5334
-2479
-1762
5047
-5508
3463
-287
-892
195
623
-944
154
531
-1840
1693
-1572
-523
833
-1753
-332
1301
-2535
199
1067
-2600
961
187
-2433
2292
-1687
-1726
3682
-4138
1844
596
-2433
2179
-1761
294
-784
787
-974
-288
996
-1822
1462
-1681
379
990
-1645
1151
-376
-281
687
36
-769
1027
99
-770
803
609
-808
1081
80
-1067
2934
-1528
-384
2451
-1386
126
1820
-872
395
520
-94
-1181
2362
-1089
-832
2866
-2874
2598
-1222
-111
1100
-244
-380
701
330
-692
638
-879
1266
-1366
1104
-780
649
-471
988
-1228
-87
1914
-2923
2625
-1206
-1
1897
-2408
1443
1180
-3043
2401
-301
-1540
2018
29
-2378
3717
-2147
-605
3222
-4196
3503
-1601
-12
-50
1961
-2845
402
3133
-5711
6215
-4656
2167
454
-2742
4393
-5274
4447
-3031
1128
-697
-107
1077
-3255
4759
-5430
4082
-2325
-734
2940
-3479
2306
-1149
545
-1093
1587
-1245
-545
1166
-963
948
-983
1294
-1319
643
0
-665
1271
-1757
1706
-1897
1833
-1530
153
1128
-2783
3208
-3021
1907
-1230
587
68
-1669
2869
-3728
2665
-460
-2255
2686
-1448
-791
1826
-1073
-345
856
-256
-964
1743
-567
-1933
3717
-3649
2040
639
-2183
2623
-1757
948
-314
566
-467
971
-1103
1569
-676
-966
2809
-2686
2027
-1052
785
-487
1078
-831
-176
1773
-3259
4259
-3284
1836
-16
-1817
2385
-2685
2887
-2598
1659
-710
-553
1882
-3065
2640
-1255
-754
1875
-1682
586
544
-991
-42
800
-26
-1906
3270
-2481
445
1946
-2675
2171
-515
-374
-671
3488
-4657
2845
2110
-5618
6414
-3862
1745
-88
131
-42
-796
3234
-5925
7117
-4432
-282
5138
-6324
4410
-1603
19
-685
1867
-852
-1788
5297
-6815
4416
-209
-4256
5013
-3516
1099
27
97
-394
-194
859
-2112
1953
-1290
-927
2307
-2997
1439
72
-2011
2599
-3199
2827
-2613
1418
22
-2237
3301
-3844
3726
-3687
2241
-659
-555
861
-1211
2127
-3901
4598
-4470
2814
-278
-2458
3452
-3718
2374
-1551
1629
-1763
1051
459
-2173
3398
-3429
2605
-1060
1006
-752
406
647
-2624
4132
-4772
5311
-4459
2604
678
-2654
4654
-5803
6144
-5599
4041
-1449
-159
1507
-2760
3945
-4057
4250
-2897
1839
-1369
936
371
-1142
2755
-3261
2905
-1876
1342
-898
163
1140
-1983
2104
-2050
2624
-2369
1914
-114
-2132
4014
-5436
4931
-3541
1605
448
-2403
3827
-4642
5239
-6552
5079
-1516
-3296
5560
-5509
4762
-4061
2768
-1563
-137
1497
-2898
3104
-2242
1453
-1568
2178
-1527
374
47
-306
150
226
251
-2431
4884
-3996
201
4235
-3902
742
3608
-5997
5481
-1137
-2130
3676
-2201
2248
-3881
6917
-7080
4832
-57
-4579
7120
-5419
3091
-2259
3067
-4337
3169
-748
-1732
2627
-3300
2643
-2374
2070
-2146
1664
-867
-891
1529
-1301
-480
1452
-1727
749
131
-1394
1917
-2747
1478
-689
-565
-715
2157
-2796
434
1889
-3963
3201
-2188
505
42
-781
-126
-81
867
-2666
3130
-2175
-362
2287
-2911
2253
-1220
-146
791
-979
1129
-73
-179
-402
752
-413
-78
1062
-514
-49
1186
-994
1416
-190
-1015
1575
-428
-299
875
826
-2221
2828
-900
-1224
3078
-3034
1523
337
-883
700
-124
876
-2459
3531
-2170
-202
2332
-3373
3527
-1333
679
-375
916
-1128
342
1176
-2277
3047
-3537
2738
-838
247
-188
-563
1832
-3398
4228
-2816
2030
-864
-226
1523
-1796
2625
-3133
2462
-886
392
239
-405
844
-1036
750
-961
1627
-720
-1750
2238
-222
-2111
3076
-2657
710
1799
-3596
3387
-1719
-132
236
-233
1050
-1376
2139
-3323
3301
-1217
-2322
4328
-4225
2261
35
-1490
2351
-1658
-356
1299
-1894
1743
-802
-826
1802
-1812
1203
-1557
574
245
-1062
-314
630
-176
-1793
1252
116
-2053
1870
-1204
-1525
3571
-5296
2798
823
-4001
4283
-1960
-1019
1819
-1282
-1393
1794
-1023
-1782
1664
-633
-1222
2099
-2649
782
1374
-3990
3786
-2249
514
449
-503
1347
-1889
3035
-3404
2422
25
-1246
2084
-1168
1440
-1023
856
414
-893
1431
-621
-546
2573
-2610
2151
534
-1342
1988
-1261
1646
-1910
2250
-279
-1434
4647
-3924
2742
117
-1886
2764
-2068
1820
-2003
3463
-2524
567
2807
-4729
3880
-2321
1080
-754
1481
-1361
-565
2492
-4442
4806
-4561
2077
-84
-2250
3413
-3828
3746
-3361
1258
559
-2421
3198
-3631
2610
-1209
-1313
3287
-3839
2586
-812
-819
1634
-1825
1336
-703
266
5
-176
1277
-1918
1703
-53
-1566
2887
-3336
3292
-1886
-388
2292
-2846
2897
-2111
2452
-1919
1491
-193
-1028
2963
-4099
4542
-1467
-1568
3760
-2710
990
-416
-104
562
-781
1222
-1998
2825
-3542
1423
964
-3658
4792
-4545
2917
-704
-1396
1626
-2131
1312
-1980
2652
-2959
1676
321
-3690
4982
-4383
1662
757
-2335
1817
-2253
1964
-3377
3109
-2659
-458
3602
-6699
6352
-3722
-549
2323
-2327
1629
-2109
3414
-4138
3203
-967
-2420
5888
-7449
5430
-1146
-2361
4056
-3025
1970
-2078
2869
-3066
1748
994
-2887
4196
-4704
3592
-625
-1553
2811
-2144
1177
-1365
1678
-1804
1581
-241
-780
2759
-3801
4612
-3229
-134
2508
-2025
1113
41
2055
-2580
2160
-1039
188
1678
-2518
2673
-708
-1120
2012
-1167
648
186
-80
-458
-47
2161
-3506
3408
-1997
999
598
-2574
4597
-4312
2831
-2086
1579
419
-2758
3701
-3369
3294
-2435
898
1557
-3118
3212
-2830
1779
399
-2198
2199
-1585
1444
-828
-882
1901
-1986
1352
-990
633
733
-1367
1601
-1116
2287
-2068
522
1594
-2415
2802
-2141
791
1346
-2032
1240
-743
1145
-1573
602
773
-2015
2630
-3073
1611
-527
-186
170
-1386
1954
-2513
1295
-1329
925
-335
-860
583
79
-450
-515
-196
370
203
-1599
1766
-2283
2295
-2363
653
995
-2836
2828
-3490
2199
-992
-878
687
-738
1201
-1828
959
-224
-362
-370
-259
528
172
-669
-165
997
-1642
1172
-646
-149
1414
-2121
1602
-83
-14
-511
707
-199
-566
1328
-1586
1650
-221
-888
1123
208
-944
1468
-1243
-65
1399
-1449
978
-202
591
-34
-116
266
1786
-2097
511
2183
-2352
1592
-17
-218
551
608
-2345
2737
-160
-2810
4017
-2386
643
763
-924
294
805
-391
-1495
2204
-330
-1135
787
348
-534
92
216
255
-147
399
-1186
1346
704
-2468
2286
-4
-1294
1503
-238
-693
1020
80
-1888
2035
388
-2206
2538
-1740
340
480
-509
494
-217
703
-1732
1994
-837
1019
-1108
606
200
-876
1210
-1778
2519
-2624
1504
-690
833
-588
-1115
1114
-1673
2079
-2807
2324
-1638
855
-748
-193
1537
-2578
1949
-2600
2619
-1244
-680
981
-278
-358
-927
1201
-1171
1478
-1784
977
11
-548
-694
576
397
-2081
2532
-2064
1450
-834
-547
564
-1247
1236
-1309
1362
-989
454
439
-1281
1188
-296
-583
262
-3
382
-295
164
-212
56
203
-825
1414
-939
169
28
34
-458
-49
1452
-2643
2847
-579
-2026
3148
-2387
319
957
-1141
1017
968
-1095
-134
2371
-3243
1396
1511
-2435
1968
-107
-680
452
549
-1323
1501
-904
-980
1878
-1153
-244
606
-126
-368
287
-413
987
-1255
578
-34
-515
780
-238
-151
206
865
-1380
1832
-1367
826
164
-1373
1981
-766
515
-1266
1353
-343
-548
1750
-1819
1597
-1086
840
255
-751
1812
-2299
2414
-1252
665
574
-1986
2688
-1152
589
-339
1239
-320
-1226
2500
-1868
1993
-804
-459
2220
-2246
1512
-1538
1470
-1317
122
1283
-2442
3078
-3050
1821
-360
-962
563
-1378
1665
-1828
1218
-340
-795
620
-246
-700
150
-449
617
-1207
372
645
-2120
1764
-2430
1613
-1377
-662
1671
-2720
2645
-2577
1022
171
-2040
1742
-2004
1273
-862
796
-1079
234
1637
-3735
3545
-1783
-310
1741
-1888
1909
-671
-129
-462
1387
-1064
208
958
-2091
2497
-1628
192
737
-543
98
-127
787
-480
1054
-2086
2072
-308
-659
1004
-695
717
-538
1111
-1332
1923
-1791
836
486
-1405
2868
-2816
985
654
-63
-555
568
115
-433
562
-688
385
316
368
-1806
1984
-833
-405
775
-278
351
-135
-4
-1045
2272
-1866
-202
1232
-504
-62
1089
-837
-44
1473
-2399
1475
123
-522
-44
157
-163
1190
-1176
-434
1999
-1776
720
-172
458
-231
239
-430
1329
-31
-1012
1705
-1472
847
3
-204
-250
866
8
-49
665
-647
776
-980
41
1250
-970
-296
1419
-1433
1120
-1041
-449
1202
-1264
653
-889
1468
-1647
783
333
-395
327
-1189
1042
-1469
1600
-1533
258
682
-1492
400
518
-797
-399
857
-1269
593
-148
-134
-861
991
-1825
495
945
-1683
1410
-359
-380
-443
735
-1388
1685
-769
-884
1644
-1233
875
-174
-515
207
180
-139
-124
992
-522
-209
596
-1266
1325
-38
-1291
1418
45
-1294
1675
-809
85
493
-1060
1006
-291
922
-1007
841
-1074
121
273
-802
2084
-1926
1400
98
-1485
1951
-1177
-1112
1975
-1182
-430
1861
-1356
-231
1076
-1416
25
834
-1231
544
1013
-1037
117
528
-840
307
230
-15
-647
1100
46
-810
1861
-1091
-122
634
-587
-113
877
-506
-909
2541
-2223
136
2645
-2347
1195
-280
73
-243
288
394
-568
1016
-1603
3021
-2993
1082
1852
-3085
2419
-1817
2265
-823
408
526
-837
1180
-2644
3207
-1747
-492
2324
-2000
984
203
173
-253
-319
520
-588
347
-47
-183
1125
-1599
671
136
-272
464
-1234
1114
-1546
1049
-35
-119
503
-1497
1554
-1630
1043
-97
-631
606
-1537
1706
-922
49
385
-87
-426
-1220
1495
-787
-413
-266
1028
-1126
-456
1924
-1885
774
-1042
246
191
-979
-103
460
510
-2149
2541
-807
-1147
1156
-398
-1001
414
722
-1600
1366
-550
-109
740
-1444
535
1048
-1350
-82
888
-206
-256
-195
714
-290
555
-432
-564
923
-264
-118
-219
1193
-1050
-447
1316
-1396
1474
-705
-1357
2243
-1326
190
188
-167
332
-1109
1787
-1494
1339
180
-1629
1794
-1698
1494
-207
-50
124
100
1606
-2470
1694
370
-1282
589
636
-28
286
29
-152
1262
-1667
485
61
461
-354
994
124
-827
1552
-1683
1707
-1312
286
551
-775
1377
-383
-34
-1050
1510
-1009
396
787
-1054
903
-632
294
-21
79
140
-739
344
-269
89
195
-1007
1236
-532
-158
236
94
213
-1750
1344
-512
146
156
-657
951
-1421
828
-496
15
184
-1104
1116
-824
-70
69
342
-1108
572
169
-878
740
-718
-17
-789
807
-481
496
-270
-388
393
-838
-74
386
287
-1553
1192
-368
81
201
24
10
-638
330
-532
1238
-1213
370
-47
-381
1098
-848
546
-128
354
-109
-104
856
-384
-151
52
548
383
-192
-98
210
111
-385
487
-92
591
244
-72
503
71
163
-1171
1118
-149
-136
510
-699
923
-475
296
-837
107
96
-740
714
-328
857
-113
-749
350
351
-633
-237
191
563
-465
205
104
-403
825
-1261
16
-134
553
-170
-710
327
277
-134
-1018
898
-231
-86
-595
-270
1018
-597
-137
493
-180
-41
317
-771
400
714
-626
296
361
268
-54
-346
-330
774
-103
-887
1210
-303
-36
-11
-125
254
-176
495
-536
334
-290
256
519
-341
763
-496
-155
116
-226
681
37
-333
411
395
-175
-603
637
-617
-111
782
-691
1498
-856
-311
728
-882
232
37
111
-247
365
-216
102
-27
272
104
-667
162
-358
293
8
244
189
-616
70
10
-617
91
-76
-208
130
-39
238
-290
-428
298
-455
-973
622
343
-452
67
488
-418
326
-9
-447
281
-630
367
101
175
-35
294
-234
-426
768
-926
-49
-3
-191
-163
-266
582
-310
312
-447
-106
448
-932
-52
728
75
-161
814
-287
184
41
-643
354
-11
-419
399
59
-416
1071
-775
53
-20
-384
457
-337
567
44
-10
-462
177
1
-362
486
41
40
94
-183
169
116
258
120
90
496
-373
487
-449
34
168
-163
504
-747
840
-326
-263
597
-433
285
-362
-8
390
-519
271
502
-268
296
-55
-60
173
-247
7
313
-251
55
752
-634
299
508
-589
-256
372
297
-640
434
-147
183
3
-700
517
-431
103
-180
-81
-233
7
391
-648
769
-266
-250
-231
241
-8
-825
370
-428
401
-377
16
293
-462
115
-257
97
-302
70
-240
-266
124
119
244
-50
138
-432
14
-392
-37
286
-212
704
-34
419
66
91
143
-535
20
-282
743
100
143
331
36
16
-594
357
-248
-213
229
-55
477
156
-110
385
-356
-339
328
173
88
142
43
193
229
47
24
-246
48
-239
10
-26
219
201
-143
85
-130
74
-329
-33
-109
-80
149
-145
-38
0
-206
-315
48
213
110
-18
-64
-30
-15
-584
80
149
-385
101
-60
349
-38
-187
236
-245
-533
14
197
-265
-11
211
33
-42
-49
-42
-97
-488
103
-119
241
210
-138
796
-467
473
210
-484
41
-253
159
-305
438
-88
284
166
-285
318
-179
-147
-128
6
46
491
239
180
-157
101
-187
-25
-88
-89
364
-436
537
-212
196
38
-468
69
-302
150
-197
227
41
117
18
-175
285
-271
138
-80
182
198
248
255
-83
417
-498
16
172
10
38
53
176
-27
170
285
-16
-197
347
-218
5
7
13
94
-127
-16
170
-45
-123
-53
-151
27
-40
268
-484
193
-105
-279
235
-193
135
-288
110
-203
-244
100
-224
-111
194
51
-188
-73
-280
-238
147
-314
-211
313
-377
-20
46
-33
117
-275
-47
-135
71
2
-124
249
-55
-68
149
-217
-155
84
-223
-69
-22
11
27
-178
47
155
-155
-46
63
21
218
-246
261
137
-193
404
-64
-80
51
-149
-41
60
104
-93
236
139
-159
152
-69
195
-75
9
248
330
24
-53
362
-32
114
-141
124
-48
115
24
92
356
12
93
-335
230
-102
-80
-49
-188
346
-293
-167
155
-76
68
-328
-57
42
-217
189
-200
167
19
-83
166
-69
175
104
-5
-143
-54
78
-49
-55
-83
-30
-82
-72
-111
-141
163
-189
0
221
145
-17
115
-90
-186
89
-397
65
-139
67
-73
-1
337
-120
324
-26
144
80
-111
145
68
34
121
338
81
109
103
196
-144
-146
236
-93
109
52
162
80
12
-5
-159
-42
-149
-32
-69
-3
15
292
-50
114
318
-144
76
14
-132
-122
-155
-116
91
-157
45
-155
-71
-76
-323
14
-254
-53
-119
-191
-83
65
79
-16
101
94
170
-59
-25
75
-128
-48
-156
-115
-9
-101
2
-219
-260
19
-272
-251
-79
-111
-39
-141
53
-128
26
-192
-129
115
-214
224
-49
170
85
-22
190
-141
190
-143
79
82
-119
360
-137
78
114
12
80
-75
114
10
-56
-2
282
-7
117
60
-48
129
-75
73
52
108
187
14
176
255
-8
419
-31
62
228
-63
284
50
250
47
100
130
-241
97
-47
-253
118
-244
20
3
-150
280
-234
215
-28
94
-68
-118
195
-236
267
-99
382
-160
49
244
-319
359
-239
223
-33
-227
129
-149
-45
-44
32
-54
-218
-168
23
-166
24
102
30
-53
75
-1
-164
-20
-305
28
-160
-123
52
-62
12
-165
152
-253
-112
100
-318
175
-205
-42
51
-300
151
-282
-88
-207
-140
101
-87
119
-55
208
28
84
164
-28
39
-157
-140
32
38
59
81
135
148
-65
171
21
-15
-34
-68
83
10
70
-64
171
-148
59
23
-162
-43
-144
61
-313
260
28
-17
125
-160
138
-199
88
25
-50
23
-143
105
-32
88
120
-106
119
-16
-76
-89
42
-9
-67
169
-116
232
16
-162
135
2
129
-48
150
5
7
84
-308
184
-68
-155
28
-55
-1
-75
100
-155
118
91
-161
-34
139
15
-169
16
-80
-34
-28
40
12
63
-56
-20
30
-92
18
2
-116
41
139
-23
96
22
99
36
105
92
8
95
117
9
192
143
-44
193
-83
106
-22
68
104
30
136
-41
14
-41
1
-4
-61
-14
125
-46
126
-49
29
-116
-83
66
-256
107
-78
-19
-46
92
74
57
30
118
50
25
223
-183
149
-147
27
26
-99
111
-71
28
-107
-8
-94
-27
-88
20
32
10
84
-5
33
-71
96
-30
75
138
-2
45
-25
-83
-151
-111
-44
-180
-214
-183
-194
-78
-184
-24
-154
-28
-55
-216
64
-172
-35
-104
-66
-24
-55
6
-55
42
18
-28
-88
-128
-170
-34
-177
-39
-28
-89
26
97
142
11
146
-126
-99
64
-43
32
41
237
88
30
187
-129
57
-56
-68
51
-58
62
-45
168
70
200
131
-9
153
48
137
208
206
225
88
116
163
20
148
31
52
68
-6
-4
91
75
37
251
149
78
175
48
-78
8
-4
26
75
33
-5
124
56
-12
101
108
-34
-41
-19
-104
-26
-155
-36
-31
-105
-49
-50
-56
-40
60
-81
-38
-21
-60
-68
-88
-21
-86
13
-62
-86
-46
-236
-85
-136
-79
-118
-102
-16
-116
-3
-38
32
-159
33
-178
-54
41
-164
164
-167
78
-95
92
9
-163
64
-239
70
-138
38
-16
-145
103
-125
99
77
-20
121
-64
107
-7
72
54
-44
141
-126
136
-47
70
28
-148
-32
-54
56
-53
58
40
-26
7
43
-64
14
-108
-118
-154
-87
-100
-96
-31
-96
147
-110
50
22
-139
-40
0
-30
90
67
-16
79
-144
41
-10
23
53
-2
-41
77
90
-34
122
-10
108
-86
2
88
83
70
-79
102
-42
70
54
19
60
93
131
27
94
94
43
47
10
48
67
82
29
6
61
-64
143
29
-2
76
0
56
58
81
44
132
-95
76
44
31
128
-31
95
45
134
29
52
27
-31
53
-5
90
-47
-50
-34
-101
9
-77
0
-51
-58
-71
-101
23
-70
-32
-72
-5
-46
-103
-106
20
-18
-51
43
-54
29
-56
19
-43
-12
-46
-80
65
-9
38
-20
71
68
-26
80
3
62
25
-26
43
-79
-16
-71
12
-18
19
-16
-31
51
-104
75
-131
-32
-88
-155
-34
-214
-19
-51
-84
12
-36
-115
-47
-236
-82
-53
-199
11
-150
-8
-129
-54
51
-133
50
-41
-57
-1
65
18
54
48
25
115
-3
22
-5
52
63
89
48
33
130
72
127
202
123
50
183
-12
26
139
-75
84
-5
66
149
-38
95
50
41
-19
-21
-22
-24
-17
-40
13
-21
129
3
42
177
-34
-20
-29
-91
-75
-75
1
-84
156
81
41
80
-48
132
-132
128
-73
-77
47
-66
35
-83
150
-38
124
58
32
72
47
129
-27
142
45
59
-1
-83
-50
-67
-64
-35
19
72
-9
21
31
-61
96
-21
3
43
-47
58
9
-107
25
-39
-61
-53
-37
-48
-151
-70
-128
-74
12
56
-57
92
8
0
61
-86
-62
-139
15
-112
-6
28
-60
-69
-113
-44
-49
-80
-75
29
-104
-80
-44
-25
-112
-2
-1
-77
112
-67
-4
-66
3
-9
-70
31
-57
98
-63
-37
-32
-132
-84
-88
-67
-132
-5
-22
-12
-21
-9
-10
-64
-3
0
32
22
2
-31
-36
-45
23
64
112
84
104
83
17
65
2
41
86
75
49
45
92
96
86
23
66
153
9
70
106
74
40
90
70
-33
85
-39
85
6
-17
108
29
55
-61
9
-22
-6
53
2
-64
9
-2
-65
-32
-55
39
-9
69
-63
3
-54
-144
64
-79
22
90
6
-3
46
-65
9
-63
-78
-57
-84
64
-47
104
-9
-3
-4
-88
3
-58
-3
-11
-8
-57
10
-25
-4
97
-76
95
54
-9
73
-4
72
-6
51
79
3
53
203
70
130
119
14
157
-34
81
52
47
87
-2
20
-63
-14
-27
-39
15
-80
16
-56
-98
-57
-137
-25
-120
-51
-120
-53
-61
-99
-30
-46
-12
-145
-23
-64
-77
-8
-60
31
62
-99
-8
-24
-3
8
7
49
-96
-73
-110
-92
-111
-28
-42
4
31
-42
51
8
-11
-20
-119
-29
1
-53
17
-8
61
61
91
30
-12
60
-16
71
20
21
58
-38
89
-47
7
-15
-53
64
-93
96
-29
58
39
8
86
-91
148
-29
-22
95
89
127
61
91
76
89
27
10
17
30
-21
76
118
-29
97
27
-68
33
-43
-32
92
74
72
74
21
-17
-17
-14
-54
19
31
18
-19
-15
-9
-70
82
23
55
98
-35
123
18
18
-14
-66
72
-82
60
-39
-25
41
-24
65
-64
-21
-85
-49
-94
-11
-52
-97
-33
-162
-58
-143
-54
-61
-8
-33
-105
-93
-104
-39
-127
9
-71
-33
0
25
97
32
69
-51
29
-11
-7
14
-64
17
-17
77
31
-28
80
17
62
158
18
-18
100
92
70
77
26
18
85
34
-34
-7
-13
39
28
6
55
-18
23
-62
-131
-59
-84
-90
-64
-45
-107
-21
-61
-11
-73
-82
-14
-145
39
-86
-152
-29
-87
-40
-2
-73
-34
-83
4
-9
-124
-50
-127
-33
-71
-49
-41
-18
-2
5
94
-1
-8
25
22
20
57
44
48
10
93
69
38
75
-7
35
94
100
40
69
77
23
87
106
28
112
88
28
43
61
18
66
100
-16
132
45
25
62
53
117
33
138
22
19
77
-9
78
2
19
-26
-59
-42
-22
-28
-91
-7
-126
16
-25
-172
10
-111
-108
-15
-77
-11
-80
-101
-73
-54
59
-64
-2
5
26
39
-52
11
-25
68
31
66
55
24
143
19
135
77
6
58
-25
15
-7
9
-13
-9
-23
33
-9
51
-16
-81
60
-64
19
40
19
0
37
35
-16
-10
-19
38
-30
29
47
-29
51
-2
-45
-28
-51
-10
-72
-73
-25
-74
-92
-26
-63
42
26
-55
40
-170
-105
-38
-156
-70
-87
11
-32
-67
-18
-148
-82
-129
-82
-83
-56
-46
-119
-86
-103
-46
-44
74
55
126
125
46
124
171
85
82
102
56
153
-2
117
124
48
132
77
167
62
59
138
-18
74
75
-101
4
26
-59
2
60
17
40
-28
-36
-34
-9
-39
-78
-10
-127
-17
1
-61
2
-36
-88
-45
-38
-63
-15
-24
59
-3
-23
14
-101
-51
-59
-87
44
-8
-23
10
-94
6
75
70
132
129
126
119
131
114
75
99
137
110
18
7
68
69
36
79
116
53
59
83
-34
-1
22
-43
124
86
-14
105
29
2
77
-70
32
20
-73
-2
-139
-27
-103
-96
-15
-215
-61
-107
-146
-74
-122
-25
-164
-113
-75
-144
-42
-36
-22
-75
-89
-84
-34
-67
55
13
-76
13
-80
-25
28
27
-36
-11
-32
-45
-19
-13
-59
-49
-3
-62
-31
-51
7
-85
-56
-50
-6
71
-117
23
-123
-120
-6
-130
-4
-117
-65
-46
-51
38
28
61
18
60
42
102
6
-15
13
-37
3
-58
-60
8
40
22
55
-71
47
65
-2
75
71
161
42
69
125
130
108
-1
94
46
-57
11
-44
24
78
-22
62
46
1
76
92
70
101
58
32
87
19
36
-16
-13
11
-22
44
-41
-45
30
26
1
57
-71
-65
60
37
53
47
23
-51
43
-43
9
-53
-39
70
-19
120
-41
20
10
8
35
42
6
-66
33
-9
38
6
41
-62
14
18
23
20
-46
44
-16
50
43
112
71
93
32
46
64
-10
62
0
25
0
30
38
42
-2
57
65
-54
48
3
-6
-8
5
58
-34
103
50
-3
54
-49
10
-22
10
13
-9
21
-77
-54
-13
-112
-86
-17
-83
-32
-123
-171
-122
-209
-88
-137
-130
-115
-193
-38
-169
-144
-42
-164
-101
-61
-99
-64
-112
-168
-97
-72
-76
-49
-30
-10
-45
-58
-87
-115
-55
-39
-74
13
42
-40
18
-71
52
48
33
98
32
92
-9
115
62
73
86
27
19
-8
-1
-22
109
30
104
53
3
57
1
44
41
144
71
41
85
41
94
-3
83
63
28
131
63
150
54
68
119
86
143
55
74
49
47
14
9
81
-15
78
81
18
101
42
39
82
60
29
21
88
42
8
83
-59
25
82
29
129
6
15
30
74
118
68
64
36
36
7
-27
10
78
23
59
9
3
8
-77
51
34
19
15
-12
-13
-64
-35
-106
-96
-81
-83
-41
-114
17
-85
-119
-29
-160
-56
-83
-109
-106
-161
-153
-199
-138
-46
-119
-121
-93
-175
-111
-112
-170
-96
-103
-142
-125
-218
-106
-71
-69
37
-142
-93
-127
-103
-11
-85
-46
-66
12
-12
20
40
41
63
-83
-26
-5
-2
-16
-22
88
-38
12
6
-76
48
-29
13
18
-50
21
6
47
112
87
103
53
65
60
53
71
67
85
54
130
24
94
75
86
185
12
164
28
18
119
46
218
95
40
99
36
130
89
28
117
7
27
52
15
54
15
83
35
14
37
5
-9
22
48
10
-33
-25
-25
-79
9
4
-5
-19
29
48
-27
85
31
-21
41
-45
-58
-32
-77
-12
-17
-29
-43
-50
30
-10
36
95
2
42
25
-64
73
-38
26
78
-39
93
-59
-9
32
26
89
9
81
16
-43
60
112
47
99
-20
-57
52
-46
60
33
-16
-23
-54
-69
-138
4
39
-2
-52
-81
-118
-150
-160
-220
-58
-124
-100
-59
-186
-47
-165
-82
-42
-115
27
-52
-45
6
-46
-88
-38
-47
6
-33
-47
-8
-67
-12
-51
4
-61
-76
13
-49
-79
15
28
-11
91
-10
28
85
-24
55
17
-9
41
-32
-17
-66
-26
-2
-52
-17
-56
-31
51
37
-5
108
-16
59
58
-26
56
40
159
34
89
4
-9
-10
-24
17
-90
13
-42
52
-30
29
131
17
68
-2
8
-6
19
62
26
74
87
91
31
77
52
-4
111
25
40
128
84
82
82
108
189
113
116
117
90
148
33
77
57
75
179
25
99
111
-17
83
21
68
97
60
100
-34
-26
26
-37
-14
49
-8
52
-25
-9
-58
-147
2
-59
-51
-37
-17
-28
-4
-73
-95
-68
-115
-67
-73
-98
-139
-63
-127
-111
-92
-34
-11
-157
-52
-240
-126
-69
-165
23
-131
-58
-143
-197
-147
-170
-87
-113
-40
-35
-38
-74
3
-44
-59
-47
-140
-6
-54
-143
-1
-8
-29
7
-80
-44
-64
17
52
-49
28
5
-111
26
-6
15
133
-21
81
10
24
44
-18
70
-29
-32
21
-28
-14
98
29
41
10
-9
84
38
61
22
-26
-30
-12
-18
-23
-14
50
21
-36
66
3
90
97
59
121
35
89
80
95
122
54
89
35
71
132
61
111
71
72
101
70
95
107
91
82
71
95
57
54
91
31
125
56
90
100
-2
70
41
59
52
53
64
16
-9
-26
-22
16
41
-3
-23
-39
-92
-84
-147
-64
12
-88
-18
-57
-151
-50
-72
-69
-31
-61
4
-142
-134
-71
-120
2
-63
-58
-72
-162
-37
-49
-34
42
-47
-44
-56
-71
7
2
-16
20
9
-24
17
-24
27
72
66
52
-13
16
-44
-11
7
53
35
32
17
0
122
33
115
67
76
54
-2
109
11
45
44
41
15
-15
-11
28
-32
-35
32
-69
-24
-88
-67
-28
-39
-59
-122
-87
-46
-53
-46
-5
-94
-107
-131
-103
-82
-96
-86
-146
-122
-131
-152
-99
-106
-61
-106
-138
-52
-136
-44
17
1
-2
12
-22
-25
65
-20
57
-6
-66
28
-36
1
44
49
54
65
60
71
98
87
110
88
139
102
97
142
71
118
73
90
144
120
88
115
162
58
147
67
47
190
90
124
114
108
139
146
132
108
34
76
39
23
182
37
82
-51
-17
50
-82
125
-33
14
30
-95
67
-20
64
67
-20
-17
5
84
-97
43
-19
-68
1
-104
56
-142
-94
-54
-111
-47
-145
-97
-152
-143
-73
-40
-65
-42
-43
-89
-56
-132
-63
-93
-123
-24
-157
-69
-52
-102
-64
-187
-67
12
-32
49
-71
-38
17
-129
18
-48
-38
-39
-29
125
-22
86
-19
-34
45
-8
-4
-57
4
-80
-16
-14
-33
-34
-83
-48
-51
15
-48
-86
-109
-58
-88
-93
-54
-175
-63
-90
-21
24
-38
-10
-90
-39
-80
-69
-76
-125
-52
33
-4
-5
35
-53
42
44
71
105
68
125
70
100
102
90
108
57
107
115
146
178
188
187
83
88
83
83
100
159
157
88
46
14
54
23
120
52
28
66
-5
82
77
75
125
104
56
56
16
76
54
135
134
42
110
19
49
21
45
-12
1
5
-57
-32
-58
-22
-39
36
-47
3
-86
-137
-36
-123
-10
-26
-73
-19
-115
-109
-14
-59
28
-71
-40
-49
-141
-48
-135
-122
-73
-96
-159
-18
2
-20
-8
-62
-12
-4
-32
-42
-59
-54
-67
-153
-34
-53
-84
73
45
-60
42
8
23
98
32
85
25
61
8
4
15
33
154
36
13
74
34
-12
34
-21
39
12
-48
-27
-85
42
-15
-57
3
21
-25
-23
-25
-41
-33
-83
-16
-103
-81
-73
-170
-129
-122
-116
-47
-109
-41
-56
-135
-23
-129
-16
-74
19
45
-4
89
-13
110
54
90
46
51
66
18
34
65
114
7
84
36
24
84
22
74
37
21
59
-7
79
136
71
51
92
72
66
57
-19
28
-26
-12
-28
-13
46
-16
5
-22
14
6
-8
44
17
39
-16
11
14
9
107
32
82
79
35
38
27
47
14
70
101
74
53
37
4
32
26
-6
87
20
12
47
21
79
-44
25
1
-14
62
-13
15
-12
24
-41
-57
-35
-8
29
72
35
-19
54
-11
55
-9
-52
-40
-84
-54
-59
-56
-89
-103
-161
-30
-66
-86
-24
-109
-66
-91
-44
-46
-42
13
-72
-65
-58
-60
-80
-114
-60
-144
-20
-73
-122
-41
-104
-40
-127
-16
-61
-93
0
-50
-59
-56
-62
-53
-54
-42
-4
-58
30
0
11
2
-2
-62
-50
-19
-79
63
-74
-35
-38
-60
-36
-74
26
-35
-45
-23
17
78
55
-12
48
4
-100
-43
14
-20
65
36
-45
42
-16
77
50
109
183
92
192
177
102
168
174
136
176
45
143
122
54
190
96
195
129
163
222
125
215
162
154
114
129
127
100
99
23
90
24
9
45
-33
3
-26
9
-57
-59
-54
-144
-95
-84
-59
-119
-69
-155
-118
-116
-182
-79
-105
-125
-135
-111
-172
-110
-159
-74
-56
-94
-49
-144
-55
-121
-169
-41
-22
-68
18
-81
-41
12
-27
-25
-103
130
59
-107
117
63
81
92
16
203
-53
-9
15
1
223
41
-70
-50
304
183
-136
53
35
41
108
-68
76
124
-48
94
43
-58
76
-59
-169
238
38
-122
77
-68
27
8
-108
-35
-37
-13
48
-38
32
-41
-88
-6
