SAMPLES:	10286
BITSPERSAMPLE:	16
CHANNELS:	1
SAMPLERATE:	16000
NORMALIZED:	FALSE
28
4
23
9
4
12
13
13
21
18
23
57
11
28
20
5
36
13
17
8
6
1
0
27
11
14
17
-2
17
3
9
10
1
5
-5
4
0
11
15
3
5
-6
-15
6
9
-9
-7
-15
-13
-3
-7
0
-7
-22
-31
-31
-44
-51
-28
-27
-52
-32
-29
-43
-4
-27
-37
-21
-17
-20
-22
-19
-29
-24
-13
-5
0
20
9
2
-6
-24
-12
0
6
11
1
13
22
17
37
24
37
19
15
25
8
13
14
21
9
16
-1
11
10
-16
10
-2
-4
-5
13
-10
0
15
-15
-7
-20
-11
-20
-15
-6
-4
-2
-22
-8
-11
-27
-2
-12
-14
-10
-19
-3
-21
-16
8
16
16
8
0
21
-2
24
14
-5
16
-14
19
-2
0
19
-2
4
8
-13
-5
-6
-9
2
-7
-7
-4
10
3
5
-6
9
12
-4
10
-8
3
1
-17
-1
-14
-6
-11
-35
-3
-21
-10
14
1
13
18
32
16
29
30
17
26
2
4
-3
11
24
20
24
6
8
17
9
35
26
25
26
5
32
30
43
26
18
31
20
12
-10
14
7
-5
-17
-26
-7
-17
-3
-6
-1
10
-9
7
-4
-5
11
11
9
-4
-3
4
-14
-12
0
-29
-17
-17
-34
-5
-16
-21
-6
-34
-30
-33
-33
-25
-29
-25
-36
-23
-8
-13
0
1
-19
-2
-2
-16
-18
-39
-26
-22
-12
-9
-24
-6
-28
-23
-3
-10
-18
-20
-16
-7
1
-3
20
11
24
5
1
15
-10
-1
-14
-15
-12
-4
-2
-8
-16
-13
9
-6
-5
-4
-5
10
3
-2
12
14
11
13
-10
-4
0
7
23
2
-2
3
15
19
22
34
15
22
20
2
28
16
26
26
21
35
13
26
29
22
8
18
23
26
28
29
33
19
18
24
22
22
28
10
18
10
7
10
-12
-11
-6
-14
5
-1
-3
18
-2
2
-3
0
11
-11
-7
-27
-20
4
-12
13
-18
-11
-6
-28
-20
-14
-2
-32
-6
-10
-25
2
-10
0
6
-7
1
-14
-5
-9
-31
-19
-17
-26
-1
-21
-13
0
-3
26
14
27
14
24
10
8
6
4
30
0
-10
-19
-5
-5
-5
-3
-26
-3
-27
-36
-11
-28
-8
-23
-24
-34
-41
-11
-12
-14
-8
-12
-21
-18
-40
-23
-20
-29
-22
-30
-38
-34
-13
-17
-19
2
-11
-7
6
28
29
10
20
12
26
26
35
17
26
19
15
25
-13
4
-5
-22
-21
-17
-18
11
14
22
23
12
22
24
10
4
21
13
10
10
17
6
25
27
25
16
14
28
13
3
-4
18
8
28
24
11
10
4
21
9
16
24
18
26
19
12
15
13
10
7
9
-15
-1
-1
-4
1
-10
-22
-17
-24
-10
9
5
31
-1
5
-2
-6
18
13
21
11
-20
-8
-11
-24
-8
-24
-4
-8
-11
-10
-22
-5
8
20
18
-4
-10
-6
-12
3
6
-14
7
-25
-27
-21
-42
-2
-12
-16
-11
-13
4
0
1
17
0
6
19
8
0
5
-4
-2
0
-10
0
-12
-9
-16
-9
-10
-25
-8
-9
-19
-6
8
3
0
0
-2
0
-2
-9
-13
-6
-5
-30
-9
-26
-17
-4
-36
-12
-1
-15
-12
-20
-12
8
-17
-11
-6
-16
-15
4
0
-2
1
0
-5
-26
-11
-14
-10
-26
-6
2
-11
13
4
16
13
12
22
9
-5
8
11
-14
1
-5
-1
8
10
23
13
-4
4
17
10
23
9
29
37
20
43
47
52
55
44
45
29
32
23
27
26
22
34
7
31
0
25
27
10
6
-14
26
13
27
27
15
29
24
21
25
0
16
7
-12
7
-3
-26
-6
-14
-32
-11
-36
-33
-46
-33
-30
-44
-23
-25
-22
-10
-34
-17
-8
-41
-25
-30
-23
-41
-50
-41
-50
-29
-24
-19
-15
-11
-22
-3
-13
-13
5
-18
10
3
-4
16
-1
-5
-3
-8
-13
-21
-15
-11
-12
-7
-3
-11
4
21
16
32
27
18
14
20
20
16
13
27
21
10
19
-8
8
4
12
24
5
21
18
23
29
6
18
10
14
24
28
20
14
32
16
5
8
7
-12
10
-8
-14
-3
-24
-20
-28
-20
-5
-3
-5
-4
-27
-4
-7
-18
1
-16
-11
-12
-19
-6
-22
-29
-12
-37
-22
-10
-15
-19
-25
-26
-16
-7
-9
-5
-12
-17
-30
-18
0
-11
2
16
-2
6
4
13
9
13
16
-2
-1
-3
21
12
12
-1
-6
-2
-4
16
8
23
6
6
35
25
44
50
39
43
29
25
18
10
25
8
8
9
2
10
8
16
-5
30
19
25
34
14
26
-4
5
8
5
3
3
-11
-10
-12
2
4
-26
-9
-29
-29
-10
-22
-1
-3
-19
1
-4
0
7
-1
5
-9
13
11
-19
-3
-8
-27
-28
-41
-37
-28
-23
-16
-30
-4
-8
18
35
0
18
13
15
18
17
-6
-11
-6
-17
3
0
-1
-13
-25
-16
-5
-6
6
1
-4
-4
-16
-3
-6
-4
12
3
-19
-11
-26
-5
-22
-23
-20
-58
-36
-42
-9
4
-19
-7
10
-11
11
-1
7
6
-33
9
-22
-1
10
-23
-2
-8
-20
-5
-2
10
12
-7
12
23
29
35
28
27
41
23
39
39
17
34
29
21
27
27
20
26
17
10
9
6
15
17
19
-2
-8
9
-9
14
20
11
17
-3
-1
-2
2
-4
-20
-3
-9
-2
10
-9
0
1
-7
-29
-34
-33
-19
0
-21
-7
-14
-13
5
-24
-5
2
-8
1
-14
-3
12
10
30
24
0
18
6
1
7
-21
-1
5
4
12
10
27
15
30
5
-20
-1
6
-15
-19
-8
-29
-8
-17
-8
-16
-36
-23
-21
-14
-19
1
24
8
-4
20
7
10
0
-18
-2
-23
-17
-5
-20
-17
-27
-34
-15
-9
-5
1
-2
2
-3
4
17
13
16
22
18
11
13
19
25
21
-9
-18
-20
-26
-22
-14
-6
-20
-3
-14
-4
0
-8
30
2
7
18
16
13
9
6
0
23
9
20
12
11
21
18
26
12
3
-4
0
-2
-7
9
8
-2
-3
-21
-4
20
8
9
12
-1
0
-6
-2
-3
-1
8
-12
-9
2
-17
-26
-16
-44
-29
-9
-26
6
-5
-19
-6
-5
7
-11
-19
-4
-22
-10
5
-11
-7
-19
-6
-1
-12
-25
-20
3
0
17
10
18
30
51
52
48
46
9
25
15
13
23
-15
-10
-26
-23
-13
-29
1
-6
-11
-2
1
19
33
38
23
45
35
50
43
28
43
-13
5
-4
-2
12
-1
11
-7
-2
11
23
17
21
-2
-9
10
-7
7
-11
-14
3
-15
7
4
-27
-36
-45
-44
-23
-46
-29
-13
-45
-12
-20
-16
-6
-25
-2
-24
-32
-32
-58
-37
-36
-53
-29
-23
-26
-14
-30
0
1
5
21
11
15
3
18
4
27
11
14
22
8
20
-6
9
12
15
3
3
6
7
20
20
16
3
5
-5
0
8
8
11
-6
-7
15
24
32
33
10
-3
-11
-14
25
22
17
26
6
5
18
10
13
20
13
5
-13
4
-6
5
6
28
38
29
34
12
13
-13
7
16
20
0
-10
-7
-21
2
-2
0
-6
-25
-31
-34
-33
-33
-34
-20
-29
-28
-12
-12
-23
-37
-22
-32
-26
-7
-8
-16
-22
-17
-17
-10
1
-13
-6
3
-12
-12
-17
-18
-12
9
24
31
40
7
15
25
14
24
30
28
16
9
-9
-6
-8
2
17
10
22
21
15
19
8
-3
11
5
29
29
-1
13
-7
7
19
-14
3
34
-11
-6
23
-7
7
-16
24
1
-18
28
-11
7
1
1
-49
6
36
-28
-11
-1
-31
-2
7
-35
25
-46
-7
26
-57
-15
25
-58
19
40
-61
36
-33
-20
49
-4
15
8
-17
30
4
25
11
-15
0
-46
-31
-23
-12
-27
-17
-13
5
-6
-13
-3
-7
1
-2
25
14
3
-9
-9
10
2
3
-8
-22
-10
-31
-25
-38
-18
-27
-32
-17
-14
-8
-28
-6
0
11
1
22
12
8
5
-3
21
0
3
18
4
26
20
25
58
35
66
42
57
45
35
23
0
12
0
10
18
27
5
15
-1
17
27
27
29
21
19
26
35
36
21
9
15
-2
-1
-10
-8
-19
-25
-27
-7
-25
-19
-13
-33
-21
-25
-9
-33
-36
-33
-27
-16
-15
14
-10
-4
-23
-17
-17
-43
-2
-9
12
-7
5
-13
-19
-13
-17
5
-26
-3
-42
-26
-39
-32
-20
-59
-4
-13
-5
1
-14
-8
-13
18
20
6
-1
-16
3
-9
-17
-24
-19
-14
-10
5
-9
-20
7
21
21
43
4
31
6
-2
43
-7
31
18
15
19
15
24
24
49
39
44
14
22
-1
4
9
-8
33
11
30
14
2
-3
-3
2
-8
11
4
-2
-12
9
-14
-26
-6
10
-1
-8
8
-14
-3
1
-5
19
14
1
13
19
4
8
12
-3
-2
-30
-4
-9
-22
18
-28
-3
-17
-15
3
-24
-3
-23
-12
-2
22
12
5
0
-20
-4
-17
9
-15
-15
-19
-37
-7
-34
-31
-8
-27
4
23
10
21
-9
-19
13
11
14
46
26
47
32
9
32
30
39
31
22
26
25
1
25
12
2
8
-9
-9
-24
-21
-8
-11
-5
-4
-4
14
8
3
19
11
15
7
-6
-11
-59
-33
-32
-8
-6
-33
-14
-25
-15
-24
2
-9
-20
-10
6
10
8
11
-11
-18
-18
-9
0
12
-16
-31
-11
-11
-4
-22
-5
-9
-18
4
-41
-18
-17
-10
-20
-17
3
0
9
0
8
-8
7
-31
-18
-31
-41
-17
-43
-9
-19
-15
1
-21
1
-9
2
16
35
44
25
33
11
43
41
41
17
5
19
2
21
12
36
31
20
34
16
5
19
22
9
8
10
1
4
-6
6
9
8
20
2
19
24
11
34
22
15
23
6
9
-2
-4
5
7
-8
-2
-2
0
18
11
36
29
16
37
20
37
39
20
42
-1
14
4
-8
-3
-29
-27
-42
-29
-18
-23
-12
6
-1
-2
-21
-27
1
-11
11
18
-14
-18
-39
-35
-54
-55
-27
-26
-39
-44
-45
-49
-28
-37
-7
-5
1
7
-13
-13
-28
-15
-19
-18
-14
-31
-2
9
6
5
-5
3
-11
1
-12
-12
-25
-29
-10
-13
-24
-31
-31
-34
-15
0
-3
14
27
32
37
15
36
38
45
28
20
13
-7
4
-6
-15
-21
-1
-12
14
18
18
28
9
35
37
46
50
49
61
29
4
-12
-6
-21
-4
0
-18
-5
-24
-19
-27
5
20
19
10
-1
5
13
7
13
27
21
23
1
27
-2
-2
-18
-4
-1
-25
6
-28
-2
-3
-15
-5
-5
-6
-20
-22
-8
-13
-1
5
0
10
5
21
18
29
28
36
39
11
-39
-43
-39
-39
9
-20
-12
-16
-14
9
-15
8
-4
14
26
13
9
-3
1
8
25
20
41
4
-23
-18
-24
14
-13
2
16
18
22
-6
0
6
14
16
27
4
-1
8
11
19
-6
-10
-6
13
6
9
24
16
8
-8
12
27
19
-5
3
1
-18
5
-7
-6
-16
-11
-9
-7
-18
-32
-32
-39
-28
-68
-45
-46
-43
-49
-55
-34
-37
-14
-25
-12
-19
-24
-13
-20
-24
-20
-33
-19
-9
-24
6
-13
11
18
-4
-14
-19
-9
-22
-7
5
27
1
15
-1
10
29
18
55
14
18
16
13
12
16
35
23
25
14
10
-3
15
34
36
27
9
18
20
12
2
18
-13
-14
-2
-8
11
8
31
37
41
33
-1
6
-1
-12
12
3
1
-3
0
3
-13
8
7
12
33
16
3
0
-9
13
28
34
38
20
38
17
-6
21
7
2
4
-11
19
6
-10
12
-2
-4
-6
-13
12
8
-20
4
-10
4
0
-1
5
-13
21
-8
-9
-11
-28
-27
1
-3
-29
-8
-23
1
-20
-27
2
-22
-38
-20
1
1
-2
-7
-1
-1
-12
-19
-18
-6
-5
-13
-23
-13
0
-6
-3
-11
-19
-6
3
-18
-13
-15
-13
-5
-20
-2
-33
-39
-33
-30
-36
-22
-17
-25
-3
-42
-1
-25
-7
33
-19
10
-15
-12
-2
-3
6
9
2
-11
-13
-5
26
5
37
26
21
51
29
55
33
41
42
-8
24
1
-21
4
-10
13
17
11
7
22
61
69
48
18
32
19
13
7
-11
-2
-17
-19
-22
-24
-15
-13
-17
-13
-29
-24
-6
-29
2
-6
10
24
-13
-17
-39
-2
8
2
34
-2
-19
12
0
19
18
-18
-8
-16
3
-6
-6
-5
-36
-23
-15
7
4
2
7
17
24
6
14
22
21
13
10
12
11
-23
-12
18
17
14
-3
5
-16
-10
20
11
9
22
26
27
19
34
23
18
26
14
38
20
-15
-12
14
7
48
23
15
19
8
29
-11
5
-6
11
-4
2
5
-44
-33
-35
-4
-8
-19
-9
-49
-27
-25
-30
-21
-50
-23
-20
-17
-30
-49
-50
-36
-29
-17
-7
-37
-28
-29
-45
-49
-58
-26
-25
-9
-4
-9
17
-2
30
22
-4
-1
6
5
0
-8
-16
-17
-13
2
15
27
7
13
1
32
41
35
35
4
5
-7
0
5
-2
-10
-6
-5
-5
-5
0
11
16
17
17
27
43
4
20
26
-25
-12
-23
-9
-4
-13
12
3
21
27
-4
17
12
17
20
10
31
31
29
17
6
7
28
23
26
43
43
20
21
6
-1
18
24
42
46
36
24
44
14
16
56
38
21
3
-3
6
-13
6
6
-18
-27
-37
-37
-61
-54
-63
-27
-19
-10
16
-22
-24
-30
-38
-32
-47
-75
-52
-77
-72
-54
-68
-39
-34
-18
-5
-6
13
-4
-43
-25
-16
-23
0
1
-18
18
-5
-8
-2
22
50
23
26
27
55
55
80
62
54
11
-2
13
-15
14
-20
15
1
-28
2
7
29
48
57
49
33
7
34
-7
-32
-29
-59
-40
-37
-12
-9
-9
-23
-30
-11
-7
30
36
11
5
-3
14
2
25
23
-1
13
-41
-20
-37
-9
16
22
44
11
43
14
13
29
20
-14
0
-25
-55
-22
-46
-5
-4
-24
12
14
4
-7
1
28
0
-28
16
-28
-23
-20
-69
-30
-55
-25
-30
-42
-29
-38
0
-4
1
6
14
-3
10
16
2
4
-10
2
-13
-20
-17
-21
-12
13
10
7
8
-38
-31
-42
-29
-4
-48
-43
-74
-59
-34
-61
-43
-45
-73
-65
-72
-49
-47
-95
-85
-62
-33
-33
-30
-25
-22
-9
34
47
55
39
70
112
76
65
62
98
97
124
153
186
198
195
222
229
233
225
220
209
233
226
240
221
187
222
184
229
216
177
199
154
185
160
119
89
68
46
-9
-25
-68
-127
-116
-88
-128
-125
-157
-160
-130
-138
-126
-154
-168
-201
-208
-220
-247
-250
-251
-249
-256
-219
-225
-211
-211
-218
-186
-187
-142
-138
-147
-150
-155
-134
-127
-105
-106
-123
-140
-144
-145
-165
-161
-129
-104
-92
-126
-139
-157
-181
-152
-165
-174
-225
-264
-260
-291
-281
-279
-332
-350
-333
-276
-268
-290
-300
-311
-254
-199
-142
-172
-201
-198
-118
-25
7
33
40
100
181
277
405
439
455
580
630
762
823
822
841
819
910
971
983
1001
999
1029
1088
1105
1144
1110
1068
1052
1044
1037
985
896
795
708
631
589
498
363
260
201
168
101
13
-96
-190
-267
-388
-485
-617
-731
-818
-843
-905
-991
-1035
-1124
-1144
-1129
-1122
-1123
-1138
-1171
-1136
-1088
-1031
-1025
-1034
-1000
-956
-884
-827
-763
-708
-615
-537
-449
-360
-291
-227
-182
-130
-76
-35
19
70
100
100
95
114
157
240
265
250
159
77
139
214
223
38
-239
-363
-288
-91
-24
-159
-399
-490
-362
-161
-84
-322
-677
-774
-453
-59
54
-258
-656
-616
-162
331
453
145
-119
48
572
1058
1088
759
485
636
1060
1492
1510
1199
1016
1210
1726
2048
1964
1600
1401
1513
1864
1968
1802
1550
1309
1366
1444
1447
1256
884
626
602
649
621
400
106
-148
-276
-341
-448
-633
-929
-1096
-1167
-1242
-1353
-1488
-1580
-1626
-1724
-1780
-1850
-1887
-1869
-1860
-1778
-1739
-1680
-1603
-1499
-1398
-1346
-1275
-1200
-1075
-899
-720
-590
-528
-456
-317
-135
29
107
146
239
349
452
539
626
657
689
711
715
823
841
833
759
758
838
892
956
939
902
793
774
791
825
788
651
566
513
529
527
479
382
251
185
144
121
82
14
-5
-90
-190
-271
-339
-331
-507
-849
-1155
-1263
-1127
-990
-929
-1113
-1362
-1437
-1281
-1048
-1035
-1341
-1687
-1648
-1264
-823
-797
-1115
-1426
-1283
-742
-257
-171
-465
-583
-268
414
917
930
669
422
581
1052
1425
1531
1318
1243
1561
2114
2492
2372
1992
1788
1853
2128
2268
2158
1982
1757
1805
1904
1973
1746
1328
1066
916
960
936
725
445
179
1
-106
-269
-516
-854
-1045
-1143
-1176
-1228
-1321
-1375
-1499
-1612
-1721
-1793
-1855
-1931
-1879
-1722
-1656
-1581
-1486
-1349
-1227
-1221
-1181
-1130
-1008
-773
-570
-373
-287
-228
-79
40
204
226
185
235
316
469
562
587
595
552
580
653
711
661
515
519
588
664
631
529
420
316
294
290
308
283
196
220
266
236
185
63
50
-16
-91
-58
-133
-221
-337
-368
-286
-305
-263
-249
-263
-306
-474
-449
-451
-589
-890
-1198
-1193
-1071
-852
-839
-1022
-1147
-1172
-915
-730
-822
-1150
-1440
-1291
-764
-336
-412
-879
-1143
-888
-313
218
178
-33
-79
389
1170
1476
1297
851
698
1054
1588
2009
1943
1535
1557
2030
2687
2871
2497
2104
1925
2167
2415
2476
2268
1878
1737
1815
1974
1899
1472
1133
882
871
927
800
593
205
-67
-203
-334
-517
-877
-1172
-1321
-1494
-1602
-1759
-1816
-1915
-2130
-2213
-2390
-2452
-2484
-2456
-2271
-2214
-2146
-2071
-1915
-1671
-1626
-1613
-1583
-1538
-1311
-1078
-810
-632
-590
-465
-258
33
119
83
135
189
406
593
766
830
677
709
810
954
1006
942
974
934
963
1033
1061
1086
944
946
1009
989
963
798
721
652
602
620
559
503
406
264
221
140
67
-74
-184
-88
-36
-19
-167
-352
-401
-419
-499
-837
-1372
-1716
-1743
-1377
-1021
-1051
-1270
-1529
-1428
-1135
-971
-1207
-1748
-2006
-1662
-986
-591
-902
-1458
-1617
-1161
-327
77
58
-237
-151
628
1431
1835
1509
941
832
1230
1906
2217
1969
1742
1882
2606
3251
3317
2943
2405
2362
2612
2852
2847
2415
2041
1924
2093
2271
2023
1540
1029
819
868
831
729
353
26
-169
-378
-584
-1054
-1494
-1845
-2044
-2039
-2150
-2276
-2459
-2679
-2751
-2900
-2994
-3096
-3159
-2980
-2823
-2603
-2511
-2426
-2188
-2025
-1843
-1850
-1839
-1639
-1413
-1002
-664
-374
-180
-50
252
425
504
519
531
691
807
953
1121
1141
1226
1284
1394
1466
1376
1415
1412
1499
1564
1562
1665
1634
1581
1486
1358
1294
1174
1115
1080
1012
996
890
844
758
564
429
249
132
6
-56
-34
-63
-129
-310
-486
-535
-615
-875
-1385
-1897
-2133
-1988
-1557
-1349
-1514
-1930
-2193
-2015
-1726
-1684
-2094
-2609
-2615
-2061
-1389
-1183
-1655
-2272
-2222
-1453
-539
-224
-534
-767
-389
572
1359
1527
1056
603
769
1523
2218
2318
2038
1927
2438
3286
3843
3693
3194
2833
2937
3298
3420
3205
2719
2459
2640
2943
2975
2453
1848
1459
1415
1502
1305
990
494
203
92
-142
-561
-1191
-1627
-1796
-1931
-2043
-2258
-2539
-2690
-2775
-2784
-2975
-3321
-3530
-3543
-3302
-3104
-3035
-2981
-2838
-2444
-2164
-2015
-1997
-1977
-1700
-1308
-822
-536
-372
-208
21
325
527
590
645
729
889
1115
1243
1378
1397
1533
1618
1684
1700
1522
1481
1440
1514
1618
1656
1662
1555
1435
1451
1447
1370
1219
1127
1064
970
894
744
612
389
211
103
-74
-245
-405
-429
-395
-466
-496
-649
-779
-940
-1246
-1685
-2277
-2500
-2276
-1831
-1600
-1821
-2196
-2381
-2220
-1887
-1859
-2226
-2742
-2739
-2104
-1388
-1180
-1727
-2216
-2130
-1345
-519
-322
-547
-777
-226
816
1569
1706
1120
754
1023
1679
2389
2494
2259
2130
2488
3391
3927
3947
3494
3100
3260
3461
3663
3435
3027
2829
2829
3133
3129
2783
2231
1680
1620
1609
1507
1288
873
580
200
-3
-238
-676
-1105
-1520
-1661
-1868
-2206
-2378
-2550
-2616
-2720
-2904
-2984
-3310
-3463
-3439
-3299
-3075
-3012
-2771
-2592
-2488
-2361
-2308
-2180
-2038
-1820
-1441
-1106
-788
-576
-335
-27
116
260
368
445
544
588
756
946
1162
1334
1380
1464
1419
1409
1367
1355
1488
1562
1597
1626
1615
1655
1605
1586
1575
1449
1388
1190
1126
1101
986
908
788
625
419
210
158
86
-25
-121
-230
-304
-537
-790
-1206
-1723
-2250
-2516
-2285
-1913
-1746
-1964
-2307
-2475
-2417
-2255
-2277
-2634
-3060
-3090
-2531
-1782
-1595
-2012
-2465
-2338
-1659
-1036
-840
-1055
-1128
-627
395
1229
1384
973
675
956
1571
2093
2211
2122
2157
2613
3431
4096
4142
3773
3454
3625
3891
3937
3743
3388
3292
3253
3430
3597
3307
2756
2212
2095
2145
1969
1703
1168
760
426
209
135
-295
-826
-1393
-1642
-1711
-1912
-2150
-2472
-2711
-2836
-2979
-3038
-3286
-3553
-3603
-3545
-3277
-3155
-2969
-2794
-2718
-2554
-2523
-2346
-2203
-2096
-1806
-1564
-1144
-827
-592
-297
-105
165
277
345
427
406
498
642
883
1125
1151
1279
1393
1522
1613
1562
1628
1642
1727
1756
1705
1754
1804
1892
1993
1955
1814
1570
1442
1519
1522
1451
1169
1004
975
889
834
618
366
76
-162
-240
-493
-1017
-1710
-2335
-2504
-2395
-2125
-1996
-2291
-2672
-2970
-2936
-2890
-3145
-3560
-3949
-3801
-3298
-2760
-2511
-2874
-3323
-3363
-2684
-1813
-1635
-1861
-1979
-1378
-312
461
918
653
404
614
1238
2047
2122
2018
2081
2672
3704
4313
4559
4454
4233
4414
4663
4864
4757
4300
4096
4009
4239
4378
4211
3973
3452
3107
2877
2749
2641
2160
1597
1064
610
264
-126
-530
-1059
-1576
-1865
-1982
-1930
-2165
-2611
-2985
-3289
-3458
-3726
-3875
-3949
-4066
-4082
-3978
-3671
-3383
-3300
-3205
-3032
-2840
-2709
-2562
-2287
-1990
-1684
-1374
-971
-592
-384
-184
38
258
403
463
661
868
1006
1130
1325
1618
1710
1755
1836
1879
1936
1882
1939
2072
2016
1968
1965
2107
2244
2121
1962
1768
1624
1518
1375
1306
1177
944
781
776
789
586
271
42
-32
-178
-661
-1339
-2081
-2544
-2655
-2384
-1896
-1845
-2105
-2481
-2602
-2532
-2900
-3363
-3814
-4028
-3736
-3236
-2614
-2564
-2997
-3111
-2804
-2005
-1640
-1845
-1936
-1861
-1173
-415
210
597
311
255
637
1373
1871
1706
1683
1939
2702
3476
3894
4262
4279
4240
4327
4592
4871
4575
4077
3964
4125
4298
4172
3994
3756
3343
3033
2886
2943
2630
1931
1362
998
768
312
-247
-641
-1109
-1469
-1629
-1707
-1875
-2306
-2684
-2877
-3011
-3233
-3658
-4035
-4181
-4034
-3834
-3657
-3444
-3528
-3522
-3244
-2796
-2502
-2612
-2678
-2335
-1862
-1546
-1216
-908
-728
-870
-799
155
1106
559
53
822
1332
1355
1157
1495
1705
1216
1575
2790
3222
2188
1420
1825
2406
2250
1883
2118
2632
2371
2036
2600
2776
2290
1266
1192
1699
1110
974
1117
1020
804
619
553
312
-629
-1953
-2934
-3908
-4266
-4224
-3647
-2857
-2361
-2604
-2536
-2079
-2736
-3366
-4027
-4045
-3974
-3792
-2947
-2132
-1880
-2104
-1482
-785
-209
-298
-834
-660
-286
-216
250
1121
1227
927
767
1651
2116
1594
1445
1736
2295
2602
3257
3643
3761
3478
3451
3509
3247
2965
2364
2250
2271
2674
2636
2574
2464
2288
2303
2090
1774
1355
1136
728
406
84
5
-332
-571
-721
-995
-1161
-1620
-1636
-1638
-1526
-1431
-1600
-1745
-1771
-1767
-2056
-1996
-1732
-1627
-1620
-1411
-1009
-785
-839
-887
-737
-783
-814
-1181
-1481
-1381
-1383
-1173
-855
-318
-304
-348
-251
-421
-311
-606
-678
-782
-683
-156
67
439
729
1197
1162
894
885
628
725
841
1166
1458
1563
2423
2397
2159
2860
1848
1900
1966
1606
1454
608
1340
581
1065
69
-1708
-2938
-5171
-5326
-5969
-5831
-4401
-3128
-2454
-1385
-732
-545
-1739
-2126
-2720
-2900
-1793
-1793
-405
-257
1252
1476
1693
2973
1781
1722
387
784
549
-25
532
290
862
388
911
785
937
816
490
317
1131
1687
1729
1971
1958
2744
2066
2542
2472
2812
2697
2869
2869
2645
3154
2235
1843
1219
1263
870
615
339
172
104
-334
-474
-719
-1165
-1955
-2393
-2923
-2878
-2676
-2214
-1701
-877
-335
-306
-140
-646
-564
-937
-752
-632
-336
436
226
861
618
729
422
-460
-706
-1472
-1504
-2077
-2332
-2007
-1786
-1533
-1739
-1727
-1635
-1940
-2175
-2342
-2043
-1515
-1316
-656
-240
455
909
1093
1429
1528
1848
1640
1729
2111
2287
2393
2373
2528
2519
2551
2360
2145
2135
1948
1703
1283
953
746
543
-16
-410
-843
-1595
-3056
-4352
-5757
-6534
-6665
-6461
-4427
-3434
-1597
-1007
92
1289
405
804
-152
429
509
121
899
434
1520
1555
1705
2794
2305
2934
1730
1133
875
-456
-580
-1738
-1585
-1442
-1303
-278
166
1197
1850
1754
2242
1956
2247
1751
1327
1852
1504
2445
2287
3046
3443
3245
3403
2378
2348
1538
618
-172
-825
-690
-1065
-1366
-1391
-1505
-1233
-1536
-1775
-1633
-1971
-2084
-2604
-2533
-1923
-1700
-956
-347
595
1153
1107
1476
1109
1235
791
235
60
-428
-56
-713
-574
-483
-604
-534
-1231
-1139
-1722
-1893
-2252
-2475
-2217
-2132
-1833
-1833
-1365
-981
-695
-559
-162
-27
200
341
442
815
953
1547
1613
1981
2148
2311
2294
2114
2258
1805
1757
1501
1474
1192
1077
1092
768
828
311
262
-248
-548
-719
-1722
-2305
-4052
-5398
-6525
-7401
-6918
-6599
-4646
-2891
-1454
521
1266
2563
1967
1557
1490
640
1232
57
502
397
1023
2070
1937
3239
2842
3062
1959
1329
527
-608
-1231
-1951
-1796
-1583
-830
-126
1133
2011
3051
3111
3680
3571
3415
2879
2164
2369
1690
2135
1803
2551
2887
3188
3173
2473
2341
1271
244
-1038
-1507
-1987
-2279
-2512
-2354
-2107
-2023
-2088
-2229
-1917
-2282
-2315
-2711
-2492
-2145
-1813
-882
-316
846
906
1514
1769
1556
1661
534
489
-393
-449
-605
-1293
-710
-1382
-1063
-1377
-1693
-1537
-2432
-2184
-2807
-2618
-2123
-2185
-1185
-1185
-97
345
527
1116
800
1327
858
1066
1151
1080
1703
1560
2180
2186
2298
2458
1984
2171
1687
1494
1356
997
1136
627
933
828
497
534
-230
-164
-1002
-1008
-1505
-2397
-3078
-5500
-6163
-7907
-7962
-7887
-7422
-4658
-3330
-375
937
2207
3535
2360
2852
1832
1231
1665
-387
1111
55
1529
2448
1655
4425
2331
3957
1996
1567
1494
-932
-373
-2428
-1642
-1398
-1089
237
1207
2669
4149
3854
5031
4354
4132
3607
1815
2578
979
2027
1315
1838
2767
2633
3417
2058
2286
1002
-214
-1276
-2548
-2620
-3384
-3375
-3202
-3011
-2005
-2432
-2048
-2198
-2274
-1913
-2851
-2010
-2078
-1389
-504
-376
924
737
1395
1543
926
1463
329
256
-352
-896
-398
-1519
-1003
-1725
-1954
-1738
-2851
-2280
-3261
-2792
-2720
-2956
-1631
-1856
-410
-318
284
1252
1043
2058
1476
1818
1934
1703
2366
1886
2600
2608
2553
2895
2272
2638
2062
1962
1620
1048
1285
648
715
416
405
630
310
459
-155
-340
-868
-1384
-1473
-2313
-2952
-4983
-6177
-7237
-7993
-7857
-7709
-5431
-3656
-1501
543
1530
3437
2933
3034
2464
1333
2032
-489
370
-749
-108
1000
196
3124
1679
3511
2228
1860
2156
-140
341
-1671
-954
-1019
-1197
45
756
2556
3767
4136
5763
5715
5957
5121
3583
3629
1989
2146
875
1271
1776
1698
2416
1734
2587
1821
1177
16
-1226
-1766
-3220
-3714
-4324
-4020
-3504
-3641
-2909
-2560
-2031
-1784
-2277
-1760
-1761
-1533
-1315
-1489
-567
-711
-167
-244
-229
452
-129
134
-510
-518
-759
-1122
-1229
-1696
-1606
-2066
-2196
-2463
-2469
-2352
-2137
-1749
-1288
-591
-61
426
1006
1284
1644
1795
1824
2142
1981
2283
2104
2507
2844
2890
3282
2892
3251
2727
2471
1928
1239
1221
386
425
-37
-37
113
-189
235
-98
-36
-215
-725
-634
-1389
-1489
-1967
-2292
-2978
-4500
-5079
-6660
-6695
-7419
-6836
-5253
-3958
-1354
-565
1836
2562
3151
3419
2324
2637
1384
547
-276
-1127
-515
-641
37
1326
1536
3123
2334
2900
2922
1765
1953
-359
81
-952
-1135
-989
-1030
1013
1697
3327
4129
5407
6150
5944
5289
4445
3847
2769
1689
739
637
885
1108
1206
1792
1886
1942
995
130
-479
-1704
-2274
-3689
-3824
-4076
-4159
-3749
-3823
-2682
-2165
-1573
-1084
-951
-365
-442
-677
-933
-1316
-1364
-1779
-2050
-2069
-1807
-1540
-1230
-1068
-830
-481
-1073
-1016
-1942
-1831
-2167
-2536
-2051
-2514
-1326
-1564
-558
-70
582
1403
1160
1834
1326
1726
1257
1239
1275
1407
1775
1797
2455
2644
3284
3351
3375
3225
2972
2579
1853
1246
676
441
136
20
-129
108
328
533
635
335
423
-64
-386
-996
-1282
-1229
-1553
-1503
-2714
-3334
-4301
-5153
-5527
-6351
-5666
-4724
-3435
-1923
-953
522
1530
1582
2155
1035
1507
622
-353
-139
-1708
-2
-1322
129
699
1036
2966
1595
3775
2339
2544
1633
11
482
-1138
-1034
-1611
-952
402
1309
2465
3927
5049
6362
6004
5832
5452
4624
4090
2288
2067
1319
1565
985
725
1142
917
1224
3
-159
-704
-1307
-1989
-3183
-3204
-3633
-3668
-3723
-3576
-2501
-2133
-1660
-1254
-764
-166
-396
-685
-1104
-1437
-2030
-2698
-3012
-3075
-2686
-2572
-2074
-1709
-1213
-760
-1124
-655
-965
-725
-804
-1400
-966
-1458
-833
-687
-422
327
403
1138
946
992
1082
624
679
308
400
783
854
1423
1625
2295
2920
3205
3509
3365
3381
2947
2336
1620
1137
641
305
64
-202
189
200
434
537
689
968
741
734
508
441
384
327
385
362
-195
-1401
-2674
-4228
-5140
-6290
-6792
-6209
-5307
-3706
-2814
-1268
-248
827
1248
1080
1225
459
290
-949
-1141
-1690
-1369
-955
-473
765
984
2256
2201
3067
2362
1893
1169
48
-329
-1758
-1691
-1824
-790
74
1343
2761
4522
5878
6549
6923
6606
6496
5096
4105
2673
1947
1341
509
138
-278
-180
-361
-692
-925
-950
-1086
-1393
-1954
-2006
-2155
-2203
-2490
-2603
-2219
-1977
-1703
-1778
-1262
-992
-685
-876
-1121
-990
-1573
-2034
-2882
-3206
-3188
-3338
-3189
-2941
-2139
-1191
-576
162
769
1302
1607
1284
1189
871
631
216
-230
-397
-651
-750
-1070
-1017
-890
-643
-396
-81
417
803
1133
1328
1834
2193
2538
2674
2852
3121
3098
3014
2613
2528
2157
1719
1185
776
781
516
501
257
412
482
386
510
395
728
888
1026
1208
1243
1465
1144
630
-523
-1903
-3344
-5082
-6298
-7720
-7644
-7367
-6360
-5230
-4269
-2342
-1655
-113
-143
514
701
289
233
-968
-514
-1302
-675
-952
-105
715
1076
2210
2012
3224
2453
2658
1498
1022
544
-641
-684
-1171
-175
309
1305
2160
3773
4703
5639
5641
5781
5765
4716
4204
2435
2332
1212
346
-513
-1186
-944
-1416
-1333
-1369
-672
-248
-5
101
439
657
533
102
-383
-605
-1250
-1923
-2611
-2721
-2739
-2632
-2606
-2418
-2122
-2108
-2114
-2334
-2260
-2248
-2189
-2106
-1867
-1205
-636
-26
698
1354
2134
2373
2238
1813
1231
568
-501
-1295
-2253
-2405
-2980
-3097
-2995
-2638
-1439
-1169
129
457
1637
2296
2344
2985
2675
3333
2939
2975
2935
2921
3151
2796
2809
2764
2625
2278
1607
988
854
246
36
-556
-626
-404
-504
80
83
1052
1414
1742
2020
1615
1829
871
234
-1529
-2983
-4281
-6177
-7023
-8804
-8489
-8277
-7360
-6077
-5405
-3067
-2143
-453
-228
445
1240
718
844
-289
185
-156
-107
-63
286
1324
1614
2235
2550
3300
3098
2989
1986
2152
1346
363
-310
-1153
-359
-1042
-267
-56
1468
2760
3368
4467
4870
5832
5245
4863
4006
3578
2628
1313
470
-150
-185
-587
-609
-402
296
676
838
926
1178
1110
582
-34
-808
-1382
-2391
-3284
-3950
-4212
-4126
-4209
-3938
-3439
-2733
-2055
-1731
-1088
-621
-131
102
101
337
199
327
64
200
326
344
391
114
185
-187
-442
-1124
-1443
-1908
-2234
-2652
-2797
-2551
-2472
-1682
-1542
-289
324
1507
2255
2740
3771
3743
4688
4123
4320
4011
3652
3597
2771
2817
2173
2058
1499
1065
819
397
164
-234
-269
-236
-201
-168
-75
215
637
850
1257
1356
1769
1828
1583
1428
767
522
-785
-2115
-3873
-5346
-6574
-8238
-9004
-9738
-8917
-8302
-7289
-5895
-4338
-2257
-1315
-72
378
1205
1344
853
677
269
717
437
807
1136
1777
2354
2420
3003
2916
2760
1922
1334
687
95
-816
-1522
-1361
-1001
-255
145
1256
2467
3822
4514
5141
5781
5999
5888
4997
4558
3780
3239
2135
1318
1002
639
468
-23
229
436
802
668
649
726
399
-132
-1212
-1869
-2623
-3343
-4287
-4745
-4703
-4476
-4028
-3591
-2561
-1656
-888
-516
-234
190
315
278
177
126
257
197
96
123
75
141
-198
-482
-871
-1267
-1594
-2101
-2281
-2339
-2155
-1947
-1727
-1295
-729
-176
419
844
1569
2210
2685
3151
3275
3773
3807
3855
3579
3416
3350
2971
2701
2129
2002
1606
1293
795
572
371
108
-73
-401
-80
-196
-10
-89
77
465
380
536
303
461
431
123
-146
-625
-985
-1612
-2214
-2857
-3530
-4333
-5296
-6022
-6678
-7020
-7481
-7352
-7022
-6291
-5183
-4592
-3091
-2443
-1174
-335
151
1190
950
1749
1389
1748
1861
1650
2027
1553
1904
1690
2041
1860
1734
1539
1485
1738
1412
1387
1050
1395
1555
1797
1950
2356
2872
3218
3706
4022
4685
4723
4874
4650
4652
4437
3687
3087
2219
1904
1104
550
-117
-444
-521
-809
-688
-707
-385
-586
-678
-981
-1165
-1464
-2197
-2588
-3173
-3161
-3404
-3499
-3324
-3154
-2611
-2433
-2006
-1615
-1273
-985
-893
-530
-291
-132
-225
-59
146
252
336
111
239
-6
-161
-602
-1017
-1113
-1546
-1608
-1928
-1691
-1456
-1107
-556
-40
821
1307
2100
2392
2827
3119
3187
3509
3275
3374
3135
2954
2933
2593
2478
2078
1693
1407
899
633
229
-171
-416
-673
-795
-1068
-1235
-1431
-1428
-1461
-1504
-1425
-1381
-1063
-995
-818
-619
-501
-311
-462
-590
-748
-1055
-1274
-1759
-2297
-2882
-3741
-4492
-5442
-6072
-6536
-6832
-6538
-6124
-5038
-4087
-2850
-1615
-491
801
1490
2365
2690
3051
3072
2943
2788
2508
2583
2069
2049
1663
1592
1765
1413
1645
1354
1741
2115
2146
2565
2432
3025
3194
3218
3406
3154
3312
3090
2858
2656
2491
2370
2166
1942
1917
1886
1815
1737
1461
1512
1164
964
561
168
-99
-633
-883
-1307
-1444
-1812
-2074
-2410
-2629
-2787
-3162
-3258
-3454
-3261
-3252
-3102
-2913
-2550
-2141
-1789
-1407
-1138
-544
-423
-17
103
347
628
646
871
619
699
323
83
-295
-852
-965
-1468
-1456
-1564
-1320
-820
-502
333
903
1857
2433
2804
3023
3005
3133
2620
2281
1541
1327
991
500
452
111
529
479
703
759
894
1173
787
788
256
209
-208
-750
-1011
-1293
-1121
-1310
-1213
-1209
-962
-683
-718
-687
-723
-834
-952
-1189
-1412
-1556
-1792
-1863
-1924
-1710
-1555
-1384
-1318
-1296
-1361
-1698
-2325
-2955
-3504
-4075
-4213
-4561
-4026
-3738
-2873
-1962
-1246
245
592
1783
1957
2467
2785
2390
2452
1671
1869
1456
1622
1486
1544
2155
2384
3112
3102
3544
3574
3711
3695
3227
2992
2580
2327
1988
1657
1434
1427
1192
1093
909
845
849
716
561
363
513
412
288
79
36
152
135
181
102
325
411
257
221
-73
-215
-680
-1338
-1822
-2370
-2821
-3476
-3734
-3797
-3537
-3329
-3158
-2532
-1863
-1069
-717
-302
203
585
812
699
709
830
698
507
388
440
594
531
530
608
1005
1037
880
837
783
849
605
333
216
255
-35
-66
-423
-292
-313
-671
-446
-805
-173
-488
-316
19
-29
766
434
919
944
1171
1360
956
1167
793
851
488
91
-29
-516
-846
-1323
-1654
-1836
-2068
-2339
-2411
-2373
-2166
-2061
-1915
-1660
-1368
-997
-697
-418
-114
248
419
938
1126
1363
1580
1427
1501
1085
501
-418
-1437
-2384
-3361
-3955
-4493
-4450
-4229
-3831
-2890
-2068
-766
-30
882
1651
2378
3262
3163
3747
3266
3677
3377
3170
3462
2489
3173
1962
2433
2147
1320
1677
325
942
248
43
67
-472
-99
-396
-406
-271
-188
-139
64
-44
552
753
878
1134
1229
1756
1734
1861
1741
1815
1600
1319
844
547
193
-421
-758
-1462
-1483
-2119
-2361
-2546
-2686
-2428
-2762
-2436
-2293
-1757
-1280
-1083
-494
117
657
969
1240
1514
1810
1718
1654
1551
1481
1313
889
651
618
572
253
-65
-338
-383
-649
-1006
-1276
-1445
-1434
-1649
-1643
-1701
-1582
-1500
-1660
-1326
-1316
-939
-973
-994
-523
-501
73
-146
163
332
352
640
401
694
477
649
478
561
566
401
358
4
152
-273
-365
-875
-1145
-1395
-1749
-1793
-2117
-1860
-1891
-1491
-1057
-556
61
609
1147
1719
2246
2506
2906
2724
2854
2581
2286
2057
1442
1161
562
264
-152
-648
-1274
-1941
-2420
-2940
-3159
-3376
-3124
-2736
-2329
-1677
-1054
-222
431
908
1258
1610
1917
1866
1812
1428
1261
1100
657
773
476
601
464
226
604
224
385
-30
-228
-196
-653
-599
-902
-817
-687
-615
-371
101
485
838
1051
1315
1838
1986
2212
2104
2314
2350
2209
2086
1717
1609
1222
835
537
347
143
-50
-290
-285
-230
-392
-474
-646
-649
-725
-996
-1048
-1033
-878
-642
-607
-214
80
378
550
635
830
756
708
467
457
269
79
-209
-500
-523
-778
-932
-1368
-1603
-1887
-2139
-2215
-2364
-2277
-2450
-2351
-2239
-1974
-1853
-1906
-1735
-1754
-1230
-1196
-960
-829
-797
-291
-270
252
249
433
580
616
971
875
906
792
734
688
740
567
585
394
363
409
263
377
132
124
78
228
298
317
250
365
497
684
877
767
1035
1015
1320
1381
1459
1556
1591
1836
1935
2235
2065
2070
1867
1802
1703
1209
905
234
15
-443
-933
-1592
-2532
-3086
-3879
-3911
-4150
-3985
-3805
-3722
-2866
-2413
-1389
-1136
-711
-294
53
847
856
1135
842
759
826
825
904
579
131
-90
-230
-211
-234
-816
-820
-1039
-668
-271
-218
318
352
970
1561
2134
2838
2934
3230
3520
3670
3874
3666
3263
3085
2779
2610
2348
1818
1456
808
474
147
-168
-374
-847
-821
-912
-759
-657
-798
-604
-551
-371
-450
-675
-786
-842
-885
-932
-1036
-1176
-1204
-1343
-1300
-1364
-1396
-1359
-1434
-1239
-1117
-1076
-1061
-1197
-1135
-1017
-1059
-1171
-1457
-1765
-1965
-2181
-2302
-2525
-2580
-2584
-2440
-1908
-1724
-1115
-971
-539
61
351
968
867
1133
1159
1288
1402
1276
1137
1049
1041
952
1002
708
798
600
642
701
646
777
682
801
694
752
578
508
496
515
645
660
731
703
925
919
1178
1100
1115
1216
1071
1268
1063
1027
847
688
705
715
716
654
491
418
460
464
490
189
19
-186
-338
-563
-1032
-1628
-2268
-2766
-3148
-3172
-3334
-3260
-3182
-3024
-2465
-2031
-1445
-1225
-878
-504
-68
519
645
952
842
1002
1343
1424
1775
1449
1306
1258
1105
1290
862
543
301
-72
147
185
265
479
465
1028
1422
1790
2172
2083
2307
2215
2227
2194
1841
1603
1196
921
770
542
226
10
-355
-311
-425
-524
-437
-680
-414
-593
-562
-520
-767
-615
-864
-955
-1044
-1322
-1379
-1543
-1529
-1491
-1636
-1628
-1669
-1408
-1254
-1112
-990
-899
-562
-462
-189
-155
-47
3
8
221
327
334
82
-177
-314
-242
-484
-679
-1053
-1152
-1063
-1180
-1017
-1146
-1071
-1133
-928
-548
-224
-6
-71
171
488
869
969
919
886
1006
1030
992
932
716
633
425
442
485
351
274
112
239
363
406
423
408
614
778
939
998
1055
1084
1075
1003
903
751
545
373
292
230
168
102
8
210
393
655
746
720
772
917
959
886
748
469
275
-97
-443
-944
-1517
-2115
-2511
-2712
-2614
-2514
-2448
-2173
-1794
-1044
-764
-296
-46
148
530
471
846
775
674
614
383
744
674
532
469
116
370
175
50
42
-341
-291
-502
-299
-95
-40
14
176
620
948
1160
1006
1140
1052
1002
891
533
520
139
74
43
-22
85
-179
-186
-143
7
31
-81
-91
-72
41
-82
-168
-281
-347
-378
-410
-389
-405
-343
-369
-182
-34
46
118
21
165
287
376
439
330
388
526
531
631
521
414
374
177
130
-55
-335
-688
-945
-1150
-1297
-1430
-1685
-1598
-1653
-1435
-1211
-1233
-951
-1050
-839
-634
-653
-461
-566
-543
-266
-268
-95
-59
-113
122
50
286
199
178
127
95
295
182
266
62
153
250
336
491
462
660
766
890
1015
1081
1125
1143
1115
1125
1119
972
821
684
631
678
599
489
596
648
960
1128
1180
1402
1457
1670
1690
1672
1525
1384
1181
972
771
385
90
-372
-635
-911
-1278
-1683
-2120
-2273
-2264
-2215
-2164
-2058
-1798
-1424
-1035
-730
-454
-382
-335
-196
-228
-220
-546
-936
-1051
-1129
-1100
-1229
-1490
-1527
-1474
-1416
-1290
-1296
-1338
-1300
-1180
-845
-662
-485
-281
-11
550
846
1226
1296
1447
1644
1608
1806
1668
1674
1592
1478
1646
1605
1556
1500
1274
1410
1306
1156
1054
736
808
596
597
604
479
527
476
590
615
568
455
318
314
169
41
-160
-470
-508
-720
-823
-846
-985
-953
-910
-762
-603
-534
-476
-381
-294
-157
-179
-350
-517
-766
-895
-1131
-1436
-1606
-1943
-1985
-1976
-2029
-1845
-1867
-1494
-1164
-835
-427
-223
205
346
720
849
813
849
574
631
472
360
232
3
27
-13
100
65
126
283
401
730
734
870
883
910
1139
1068
1152
1001
930
915
881
902
758
752
697
798
829
882
871
800
1028
1048
1128
1127
961
1050
929
855
713
401
318
20
-108
-294
-540
-694
-1025
-986
-1038
-1042
-970
-1058
-743
-641
-457
-316
-392
-214
-314
-376
-514
-765
-1001
-1299
-1515
-1647
-1822
-1930
-2010
-1980
-1844
-1775
-1612
-1568
-1382
-1224
-1052
-954
-771
-637
-578
-238
-206
33
147
300
558
623
854
816
957
965
1022
1138
1016
1152
1035
1111
1218
1151
1230
1133
1262
1330
1333
1377
1313
1361
1223
1224
1211
1206
1207
1030
1135
1120
1144
1129
971
1010
864
696
499
217
23
-327
-618
-822
-930
-1071
-1214
-1203
-1204
-1047
-1005
-914
-797
-778
-698
-744
-702
-692
-805
-926
-968
-925
-838
-863
-891
-778
-774
-674
-664
-656
-553
-603
-561
-476
-397
-379
-394
-370
-228
-83
-83
-86
-168
-129
-104
-119
-15
-50
3
104
149
314
336
364
489
510
732
663
626
657
571
740
615
675
581
550
665
600
718
635
632
692
756
819
831
724
711
665
661
637
422
310
149
156
89
7
-132
-254
-317
-294
-252
-338
-315
-386
-376
-315
-240
-235
-224
-191
-111
-4
79
28
-69
-90
-178
-202
-326
-457
-650
-798
-887
-1008
-1045
-1104
-1127
-1079
-1005
-863
-756
-707
-563
-458
-308
-161
-140
-76
-72
-104
-47
-102
-103
-88
-176
-75
-41
32
121
35
227
314
411
553
487
679
630
717
785
659
730
598
614
611
596
551
462
485
594
686
751
807
837
995
986
1038
998
837
740
519
381
191
-131
-381
-609
-784
-813
-1027
-1042
-1069
-1097
-863
-836
-635
-533
-436
-205
-69
142
215
162
177
138
174
65
-84
-183
-364
-355
-487
-457
-560
-632
-560
-585
-447
-459
-459
-458
-429
-333
-262
-210
-171
-110
23
137
264
318
356
431
467
571
551
507
446
383
399
338
309
217
137
181
109
110
50
15
56
80
152
182
260
286
337
388
404
390
340
304
220
140
10
-198
-333
-447
-486
-583
-686
-675
-775
-685
-662
-568
-482
-525
-322
-285
-63
-12
-39
28
44
195
153
178
165
129
176
192
156
181
89
160
168
213
281
197
358
352
529
535
522
575
549
586
515
423
312
221
118
48
-45
-95
-180
-206
-234
-151
-208
-189
-176
-157
6
-127
-61
-127
-85
-2
-67
-3
-112
-110
-99
-135
-75
-133
-190
-194
-212
-151
-186
-265
-276
-302
-263
-269
-310
-359
-398
-329
-343
-344
-373
-412
-399
-362
-327
-322
-255
-297
-167
-106
-50
24
-24
84
95
181
168
109
89
122
134
163
189
186
248
238
313
310
354
321
348
391
405
383
351
350
331
347
297
326
208
271
223
210
281
227
268
235
303
297
270
255
226
201
205
112
95
-2
-103
-85
-218
-218
-277
-304
-285
-256
-214
-163
-109
-38
50
72
97
72
102
66
47
-1
-117
-173
-222
-257
-278
-298
-311
-314
-325
-281
-293
-316
-283
-256
-214
-195
-234
-225
-244
-182
-176
-206
-179
-268
-232
-275
-285
-317
-360
-350
-345
-256
-189
-104
-46
98
230
377
451
489
533
523
542
490
413
311
240
178
133
121
60
46
43
91
140
139
174
153
194
209
167
175
124
90
112
72
48
23
-12
-6
7
23
-1
-42
-74
-21
-38
-61
-80
-167
-141
-170
-187
-171
-239
-205
-235
-246
-199
-259
-214
-242
-229
-186
-238
-163
-190
-106
-14
-19
30
38
87
91
80
59
37
-14
-23
-53
-38
-44
-59
-52
-46
24
39
79
65
134
172
191
191
181
200
194
238
205
213
234
254
293
291
276
262
236
235
242
201
172
79
66
62
41
9
-59
-5
-14
28
27
46
56
68
78
110
148
105
121
33
104
44
-41
-88
-157
-151
-241
-283
-387
-422
-466
-490
-528
-499
-484
-457
-365
-341
-214
-179
-86
-35
32
109
87
67
3
-7
-61
-125
-172
-179
-193
-179
-174
-145
-72
-55
10
88
158
160
163
154
135
143
123
104
79
131
134
128
152
182
251
256
295
319
313
320
279
241
205
134
75
-4
-38
-109
-154
-161
-228
-171
-194
-185
-155
-141
-75
-45
-2
7
23
41
55
15
31
-8
-29
-53
-110
-102
-204
-222
-225
-227
-210
-249
-271
-238
-205
-174
-102
-99
-41
12
34
107
140
188
213
238
305
309
357
357
357
388
337
367
306
301
313
232
200
118
88
72
-6
-29
-81
-109
-127
-163
-119
-161
-121
-120
-92
-26
10
67
71
97
104
137
123
118
114
63
27
-30
-76
-82
-135
-142
-178
-206
-185
-223
-192
-197
-153
-126
-125
-63
-94
-67
-53
-48
-17
-47
-37
-52
-99
-93
-160
-222
-254
-317
-286
-332
-358
-350
-363
-281
-244
-176
-84
-41
42
136
175
243
264
247
277
254
270
224
176
202
179
190
202
206
245
294
298
364
354
337
316
282
288
231
178
69
17
-42
-80
-149
-234
-237
-223
-197
-188
-184
-164
-123
-85
-40
-37
-14
-23
-11
-18
-34
-62
-95
-83
-127
-93
-127
-136
-146
-158
-140
-154
-137
-169
-125
-124
-120
-135
-147
-176
-185
-161
-191
-160
-174
-137
-129
-66
-44
-11
59
71
149
149
157
167
162
176
160
154
170
129
141
135
152
165
166
212
222
251
263
272
249
243
220
216
207
190
160
125
65
30
24
-10
-12
-39
13
0
29
61
55
82
32
41
-2
-36
-99
-186
-247
-300
-323
-384
-393
-407
-380
-334
-304
-246
-188
-123
-63
4
60
91
90
133
117
106
85
24
7
-18
-15
-58
-89
-88
-78
-58
-50
-41
-22
0
-1
39
56
57
81
105
134
153
145
152
153
134
179
158
165
164
169
191
137
144
113
94
90
62
29
16
-32
-36
-56
-90
-69
-105
-52
-57
-27
-7
-48
-56
-46
-64
-69
-75
-135
-144
-230
-250
-289
-326
-360
-380
-329
-324
-273
-239
-187
-153
-101
-22
17
42
72
101
85
89
82
55
71
63
65
75
62
80
89
111
135
156
174
171
186
162
189
188
183
186
153
132
76
56
14
16
-17
-26
-18
-25
-4
3
17
39
84
49
81
104
102
116
101
83
36
-1
-23
-45
-71
-73
-108
-70
-89
-71
-22
-32
13
18
95
88
116
123
130
124
129
149
82
91
25
47
-7
-38
-73
-141
-157
-175
-175
-198
-156
-140
-113
-126
-75
-58
-28
18
37
108
88
88
110
85
69
57
35
14
-26
-20
-54
-79
-103
-131
-127
-134
-117
-138
-118
-160
-132
-113
-100
-75
-96
-58
-101
-69
-69
-67
-36
-26
6
-4
-2
4
18
-20
-1
-11
-22
-19
-45
-28
-82
-71
-63
-45
-43
-23
-4
-5
25
25
75
74
85
93
78
82
69
50
45
15
47
58
56
115
122
120
146
174
200
218
194
224
187
194
192
133
134
96
71
53
23
-5
-12
-40
-24
-24
-32
-9
-22
2
-23
-11
-24
-49
-76
-108
-116
-170
-175
-202
-206
-234
-204
-234
-233
-176
-179
-125
-106
-58
-28
18
16
43
38
30
32
-1
3
-45
-52
-58
-69
-23
-16
-21
25
27
71
122
126
141
171
171
186
194
195
219
163
167
136
127
108
71
66
20
71
35
30
33
45
55
55
70
39
66
38
48
25
11
4
-24
-42
-82
-108
-108
-103
-151
-139
-156
-179
-157
-150
-145
-109
-127
-134
-122
-117
-102
-110
-108
-134
-146
-143
-159
-152
-143
-157
-148
-152
-125
-106
-94
-57
-54
-47
-27
-41
-14
5
-20
21
8
2
50
32
69
81
59
117
102
131
127
111
129
124
154
130
168
141
122
118
122
131
121
147
129
160
141
167
193
172
200
189
185
171
162
181
175
155
144
120
85
64
49
11
-20
-42
-44
-86
-91
-99
-120
-111
-151
-94
-122
-113
-99
-134
-116
-147
-119
-113
-91
-76
-70
-57
-33
-47
-45
-48
-60
-44
-85
-76
-102
-124
-110
-140
-144
-147
-155
-148
-122
-118
-109
-84
-65
-72
-72
-43
-54
-41
-58
-45
-57
-63
-46
-44
-30
-22
9
19
75
47
81
72
74
103
85
94
55
55
44
32
11
30
8
24
6
40
68
72
137
132
157
167
197
180
211
186
165
127
61
59
-3
-18
-58
-65
-99
-110
-114
-71
-44
-44
15
4
31
44
58
62
51
49
63
9
-1
10
-25
-38
-52
-50
-57
-37
-44
-37
-29
8
10
41
46
10
9
-33
-40
-85
-54
-83
-108
-87
-107
-65
-66
-26
-16
25
76
102
163
137
149
140
113
105
62
37
10
-6
-30
-29
-62
-67
-43
-48
-2
15
32
24
61
87
51
59
17
12
-2
-39
-55
-55
-89
-129
-107
-126
-131
-130
-115
-97
-96
-83
-69
-45
-80
-80
-88
-121
-116
-144
-129
-162
-144
-159
-164
-115
-93
-44
-36
14
10
62
85
95
100
83
90
58
71
14
24
-10
-12
25
-3
23
20
71
105
154
190
209
221
238
258
222
235
181
180
160
115
115
73
77
63
70
39
35
54
54
44
47
61
37
42
25
1
-3
-53
-93
-96
-138
-130
-155
-129
-147
-167
-139
-160
-131
-138
-95
-113
-103
-101
-108
-113
-148
-146
-175
-180
-185
-181
-178
-145
-148
-109
-84
-62
2
-5
44
60
86
105
85
79
71
68
45
61
58
53
72
79
88
103
160
167
183
229
202
212
210
188
196
200
190
153
137
113
79
75
60
51
50
42
53
55
54
66
39
42
56
17
0
-49
-71
-106
-141
-142
-162
-175
-186
-159
-176
-165
-152
-128
-100
-123
-93
-116
-128
-116
-146
-155
-172
-203
-202
-192
-187
-179
-181
-158
-152
-117
-77
-59
-32
-5
8
19
38
34
63
27
42
56
38
50
48
63
75
92
104
130
134
155
147
178
165
167
184
161
145
106
102
72
65
55
53
43
45
63
90
110
107
146
143
119
120
92
44
26
-7
-24
-28
-60
-56
-96
-107
-95
-107
-79
-77
-51
-8
-11
-9
2
-26
-19
-59
-70
-78
-110
-89
-122
-106
-153
-147
-122
-98
-59
-31
7
-8
35
25
46
29
32
16
-26
-38
-66
-57
-66
-63
-79
-29
-29
25
60
75
113
103
133
108
125
108
74
74
91
50
31
7
-24
7
3
22
24
39
49
85
76
72
74
61
84
43
37
-25
-50
-76
-79
-73
-113
-59
-83
-43
-42
-33
-3
-10
28
29
34
25
-13
-42
-47
-115
-106
-147
-157
-146
-141
-103
-100
-79
-67
-43
-16
36
22
57
33
13
13
-20
-2
-24
-46
-49
-57
-76
-40
-47
-27
19
2
47
57
81
105
91
58
47
44
9
1
-34
-32
-41
-23
-21
-7
18
10
25
34
64
86
109
122
100
91
97
47
26
4
-12
-43
-48
-37
-17
-2
-24
0
26
57
58
92
80
73
77
28
8
10
14
9
4
-12
-21
-48
-33
-4
-17
14
25
16
19
3
9
25
3
4
-1
-26
-33
-70
-61
-82
-71
-62
-63
-45
-58
8
7
22
34
61
56
42
64
12
20
-4
-13
-18
-24
-17
-28
-9
-7
0
9
8
11
41
38
47
47
27
39
11
9
16
9
-1
10
-4
-20
-16
-12
-12
-9
21
10
27
0
-12
-32
-22
-18
-36
-29
-53
-44
-97
-70
-79
-62
-54
-38
-8
-25
9
-20
18
-11
14
9
7
9
-35
-21
-62
-49
-55
-46
-58
-45
-38
-40
-31
-31
-4
-7
11
12
37
39
23
5
9
7
18
18
-1
34
27
20
15
13
17
37
30
41
44
18
21
5
9
2
3
4
-2
-10
9
4
6
18
-3
25
19
20
19
19
24
11
14
26
19
19
2
-17
-8
-18
-3
-16
3
4
11
5
15
25
-3
29
-6
8
7
10
0
-25
6
-14
-12
11
10
20
41
31
58
48
39
39
14
27
26
20
30
12
18
24
17
30
28
43
42
37
53
56
67
57
27
49
9
3
10
-16
-6
-4
-8
-30
-18
-23
-5
-21
-27
-3
-41
-31
-24
-41
-35
-53
-85
-76
-97
-100
-94
-103
-66
-93
-72
-47
-42
-19
-11
-6
-19
-29
-32
-41
-65
-55
-70
-79
-78
-79
-57
-40
-31
-22
-14
9
19
37
65
43
45
51
21
25
24
8
14
-21
0
4
-2
22
4
34
29
47
64
41
58
51
33
38
17
-1
9
-17
-10
-9
-4
12
-1
-3
5
31
44
54
27
44
17
-17
10
-32
-24
-45
-51
-50
-71
-50
-44
-25
-11
-6
8
16
11
23
18
30
27
4
5
8
-12
-1
-2
-28
-12
-8
7
16
49
66
64
80
95
75
77
81
50
72
31
20
21
4
6
15
31
25
43
56
82
59
79
68
43
56
7
9
4
-17
-29
-51
-73
-72
-82
-75
-52
-38
-3
-9
-4
1
-3
7
-9
-4
3
-32
-27
-43
-57
-67
-79
-51
-57
-48
-56
-25
2
1
28
13
21
9
2
5
-21
-28
-41
-50
-52
-55
-66
-35
-37
-22
-7
-25
20
3
16
16
8
16
2
-12
-28
-30
-19
-40
-53
-28
-32
-5
-8
12
37
33
29
38
32
32
30
0
1
-10
-16
-32
-27
-34
-22
7
18
19
56
56
37
58
46
55
33
27
1
-20
-3
-19
-31
-29
-20
-28
-23
-32
-6
7
7
49
17
55
44
16
3
-26
-16
-28
-24
-28
-10
-29
-6
-35
-19
0
-12
47
30
42
31
13
13
-3
5
15
0
2
14
-26
-9
-12
-12
27
11
53
45
53
58
61
72
52
45
26
7
-13
3
-18
-16
-38
-39
1
-11
4
7
14
59
44
65
59
42
47
38
9
-8
-14
-37
17
-24
11
0
-27
4
-16
12
9
34
0
3
5
-6
2
-22
-13
-25
-24
-36
-37
-22
-57
-42
-38
-31
-7
-12
10
6
11
10
-8
-20
-43
-56
-63
-65
-63
-57
-56
-63
-43
-24
-11
31
25
12
19
3
-8
-16
-30
-41
-35
-57
-40
-40
-42
-23
-39
-40
-34
3
-6
-2
25
15
20
27
2
-10
-15
-51
-41
-49
-46
-35
-48
-25
-28
15
46
32
57
42
27
28
12
1
14
1
-14
-11
-6
18
-1
23
37
30
69
65
65
71
64
54
58
51
53
48
30
31
0
18
23
13
34
42
53
36
60
57
41
38
23
17
7
35
2
-19
-35
-40
-45
-36
-1
-13
8
-8
-21
-21
-9
-8
18
10
1
11
-32
-6
-16
-7
-10
-20
-15
-25
-8
-8
-13
-9
9
0
16
0
14
6
-11
2
-25
-1
-6
0
2
-7
-18
-30
1
-13
-10
-11
-13
-28
-16
-20
-15
16
-2
19
-9
-4
-7
-5
-5
-14
7
-14
-21
-38
-24
-22
-15
5
-2
-22
-16
-23
-23
-2
-20
-7
19
9
13
13
-3
8
3
12
12
23
11
11
15
-7
13
0
6
6
11
-5
-24
-11
-37
-13
-26
-35
-6
-9
-1
-9
-1
-12
-4
18
16
6
0
18
12
5
-6
-24
-13
-39
-21
-8
-31
-16
-31
-19
-25
-25
-8
13
2
2
0
-1
12
1
21
-2
13
9
24
22
18
13
4
26
-12
12
-3
-10
1
-4
34
2
13
21
-6
21
11
24
32
26
31
37
41
33
28
39
53
48
57
49
51
60
38
60
66
37
42
10
3
7
-8
-4
4
7
3
5
-5
-13
-5
3
4
13
-12
-21
-17
-15
-16
-16
-10
-12
-37
-42
-25
-52
-36
-52
-63
-55
-52
-31
-48
-22
-19
-17
