SAMPLES:	11984
BITSPERSAMPLE:	16
CHANNELS:	1
SAMPLERATE:	16000
NORMALIZED:	FALSE
-16
-18
-33
-33
-10
-41
-27
-2
-28
-18
-22
-7
-6
-6
-8
0
-3
-22
-25
-33
-22
-6
-19
-10
-23
-20
8
-8
18
-7
-1
7
-19
-5
-1
-4
-9
-1
1
-9
-13
14
-16
-16
-4
-34
-4
-23
-12
5
-21
-2
-16
3
19
19
27
25
28
20
21
12
25
0
17
10
6
35
6
19
1
4
11
22
24
25
29
23
7
-4
22
-1
14
8
10
18
8
15
-7
1
-7
-11
-7
-10
-15
-16
-14
-11
-6
3
-6
-13
2
-21
-21
-21
-26
-20
-9
-15
-13
-14
-8
-7
-15
8
-16
-2
-6
-3
-2
-7
-4
-14
0
-23
-3
1
16
-1
10
17
-16
16
-10
-4
7
16
13
2
2
-9
-5
2
21
17
29
34
29
32
20
34
29
46
48
25
28
11
20
22
30
37
13
9
5
3
-15
9
2
-1
-1
-11
12
-33
0
5
-5
7
-27
-25
-31
-5
-13
-7
-5
-12
-15
-19
-9
-26
-10
-23
-15
-9
-17
-9
-22
-7
-5
-12
4
0
-11
-8
1
4
0
-2
-26
-10
-21
-7
5
-2
18
9
13
-7
-18
-4
-3
-18
-3
-32
-39
-30
-53
-16
-30
-22
-11
-29
-3
-21
-10
-3
-21
-13
-31
-20
-15
-18
-17
-9
-11
3
10
-8
4
-5
1
-10
-16
12
-1
11
15
9
10
17
32
28
29
9
9
12
6
29
11
23
16
0
23
15
27
19
17
15
0
5
11
23
30
11
12
23
18
25
35
18
9
46
31
39
35
23
26
33
49
16
21
9
3
11
17
21
4
-2
-3
-8
-5
4
-18
-22
-33
-39
-16
-32
-24
-29
-36
-22
-43
-35
-36
-21
-34
-22
-19
-31
-1
-14
2
-14
-24
-7
7
0
-5
-8
-29
-17
-12
-16
-6
5
12
3
-1
12
-3
3
-1
-4
-2
-6
-4
-8
8
2
13
14
13
7
11
16
5
14
6
4
16
15
12
10
9
11
15
16
22
29
27
6
16
7
-3
28
11
16
7
-4
6
-9
8
27
25
16
8
3
-2
-10
2
-6
-14
-3
-21
-21
-11
-8
-8
-15
-30
-49
-34
-25
-32
-9
-21
-30
-17
-28
-34
-23
-22
-24
-17
-23
-23
-30
-23
-15
-2
-23
-31
-23
-28
-9
-20
1
-4
-13
-25
-8
1
2
32
10
20
10
14
18
38
43
33
35
5
14
-4
5
22
16
30
13
14
15
14
36
25
28
24
24
23
34
34
38
39
24
32
27
20
13
26
13
27
12
14
20
-15
8
2
9
15
14
18
2
0
1
7
11
-1
-2
1
-3
1
2
0
-4
-3
-7
-17
-14
-2
4
10
1
-13
-13
-18
-15
-19
-23
-15
-34
-34
-31
-40
-30
-42
-44
-18
-37
-32
-8
-29
-3
-14
-24
-4
-23
-9
-14
-22
-13
-10
-16
-14
-6
-6
5
-10
-4
-7
3
10
10
28
-5
12
0
13
13
4
30
-4
26
5
-5
-1
-22
6
-6
-2
-20
-17
-18
-25
-18
-16
-8
-21
-14
-26
-15
-8
-7
-6
-11
-13
-11
-21
-13
-15
-18
5
5
-5
-10
1
-6
21
23
22
23
24
25
14
28
21
21
14
23
15
28
33
21
28
-2
18
22
14
36
18
39
39
26
41
26
30
27
40
15
20
4
2
19
-12
10
-7
3
-5
-18
-4
-11
-25
-4
1
6
5
-8
-2
-13
16
1
0
-6
-21
-13
-6
-9
-13
-16
-38
-21
-46
-26
-32
-37
-18
-62
-37
-22
-25
-11
-27
-32
-9
-17
-8
-12
-4
-1
-3
10
-8
11
-1
16
12
23
16
12
30
11
31
22
32
11
15
27
6
19
24
-9
-2
0
-11
9
-4
-7
6
12
19
9
13
38
12
9
5
-8
-4
11
1
-8
-3
1
8
-8
-5
-20
-6
21
-3
12
6
-12
12
5
18
7
-8
-5
-17
-12
-7
-10
-5
-5
-25
-28
-21
-8
-4
-3
-11
-10
-14
2
4
19
25
-3
17
-20
2
11
-6
15
-26
-11
-14
-1
-6
-12
5
-12
-6
-19
-3
-7
-14
-12
-22
-18
-23
-12
-3
-9
-2
-21
-26
-32
-38
-16
-25
-9
-27
-32
-19
-5
11
22
19
23
18
5
17
18
16
24
38
17
34
25
29
33
14
18
2
25
28
32
43
8
38
50
46
51
39
51
33
26
9
11
-3
10
8
-8
4
4
13
-10
4
-3
3
-4
4
16
5
19
0
16
-7
-16
0
-10
2
-24
-31
-10
-9
-4
9
-22
-10
8
5
4
-14
1
-7
3
8
-9
-10
-18
-30
-21
-38
-40
-26
-51
-43
-27
-48
-37
-39
-37
-35
-54
-11
-37
-18
-17
-32
-16
-40
-16
-22
-27
-33
-33
-37
-28
-37
-40
-19
-19
-11
-16
-10
-5
6
18
20
18
18
12
10
9
10
11
11
5
8
8
14
30
10
8
23
34
27
39
24
14
21
31
44
45
59
41
36
47
34
50
57
29
29
34
12
32
41
30
38
17
31
41
43
37
26
13
-2
11
-7
-6
-2
-25
-19
-37
-33
-32
-32
-27
-40
-15
-50
-31
-38
-49
-43
-34
-20
-45
-25
-44
-26
-39
-44
-26
-26
-27
-27
-10
-12
-14
-14
10
0
4
4
-16
10
4
9
14
1
19
-9
-4
5
15
33
29
10
3
5
-9
26
26
16
24
14
12
11
18
16
-5
13
-3
-4
-3
7
27
18
45
23
27
23
17
34
32
27
27
17
22
13
16
13
15
15
-6
-5
-20
1
-14
-13
1
-9
-15
-15
-26
-16
-7
-21
-14
-28
-25
-17
-14
-28
-19
-23
-25
-42
-37
-23
-40
-13
-23
-15
-25
-19
1
-15
11
7
-4
4
2
19
17
-2
20
-5
-9
-11
-32
-9
-16
-1
-1
-6
-9
-16
-8
3
1
14
19
-6
10
9
-16
13
13
4
14
-18
-3
-17
-14
-6
-9
8
-6
-5
4
3
12
27
27
26
21
25
18
20
12
22
23
23
24
1
6
-7
-7
-6
-10
9
6
-7
12
15
11
23
39
31
20
29
15
8
14
12
24
28
8
4
18
27
17
13
22
9
3
17
17
25
23
22
17
17
31
10
11
-6
-5
-13
-29
-3
-23
-13
-6
-15
6
-15
-12
-7
-14
2
-23
-30
-31
-53
-44
-29
-47
-34
-27
-50
-40
-44
-31
-34
-38
-27
-35
-30
-28
-18
-15
-13
-13
-10
-11
-5
-2
-20
-10
-15
-14
-19
-24
-19
-28
-28
-28
-17
-15
0
-6
4
19
20
22
19
19
14
11
3
11
10
9
4
17
16
26
23
13
20
-4
-3
-1
4
16
21
17
14
8
4
13
-12
13
22
2
4
-24
0
-18
2
14
-1
12
-20
4
-6
24
25
10
19
-1
19
7
30
37
26
36
8
23
36
35
48
40
29
2
0
17
20
13
15
13
-5
0
8
4
5
-7
-8
-14
-4
-7
-18
-14
-15
-20
-23
-27
-33
-11
-43
-33
-32
-11
-22
-35
0
-22
-28
-16
4
2
11
-10
17
4
-7
21
-2
16
19
11
11
24
18
24
12
7
16
11
27
30
34
25
6
14
3
-4
21
4
11
-7
-22
3
-1
0
5
4
-8
-3
-16
3
-8
-9
7
-23
-17
-29
-15
-11
-5
3
-15
-18
-11
-10
0
2
-4
-1
-20
-19
-16
-32
-21
-16
-18
-10
-30
-16
-33
-32
-17
-22
-12
-6
-5
-27
-20
-38
-19
1
3
3
2
21
12
18
23
5
-2
2
-16
-31
-10
-20
-15
3
-5
4
7
11
7
11
0
5
11
13
12
9
16
0
5
-4
-16
-14
-12
8
9
6
24
-3
5
-9
-8
3
7
25
7
31
12
24
12
1
30
22
40
30
31
35
30
46
43
49
45
24
30
15
24
16
9
24
10
21
10
8
12
15
32
11
3
1
-14
-12
-5
-5
-5
11
7
-6
8
6
2
6
-8
-2
5
-6
-12
-4
10
7
19
14
-1
4
0
-9
-20
-14
-25
-33
-9
-7
-15
-4
-19
-29
-33
-40
-29
-43
-38
-52
-53
-48
-53
-35
-29
-30
-34
-34
-47
-16
-15
-7
-20
-18
2
-26
7
-17
-4
-13
-17
8
-21
-5
-20
-4
8
1
12
-8
-5
-8
5
-3
-17
-3
-21
-3
-6
14
11
-4
14
-19
-13
-6
-4
9
-4
-13
4
-8
-1
6
0
18
4
10
9
13
6
3
20
28
51
54
19
15
29
17
33
29
21
7
15
4
9
25
19
15
1
9
6
13
16
-1
1
2
-9
8
15
10
10
20
5
13
25
9
9
5
7
14
32
19
12
18
-1
4
-1
2
8
-2
6
11
16
0
16
25
21
15
5
9
-4
12
8
-5
-18
-32
-18
-28
-20
-25
-25
-18
-40
-24
-30
-16
-33
-31
-25
-11
5
-4
13
-10
12
4
-3
12
6
1
13
11
10
18
2
-7
-3
15
5
8
2
-14
-19
-8
5
-7
6
10
1
9
-10
-11
-10
-15
-17
-21
-2
-18
-17
-15
-17
-14
1
4
-11
-2
-34
-10
-8
-17
1
-31
-1
-16
-39
-9
-16
2
5
-10
1
-9
14
24
11
15
2
-8
-8
-2
2
1
-13
-16
-30
-20
-7
-2
23
10
-3
-7
-21
-12
5
-3
17
13
14
1
5
25
-5
10
-7
-7
0
-3
5
-2
-1
-5
-3
4
9
11
14
15
23
24
25
12
20
13
12
27
13
-6
-10
-6
1
8
1
16
-5
15
21
14
30
26
41
42
39
54
49
37
47
36
28
28
31
43
30
16
17
9
18
3
6
21
2
10
19
14
12
-2
-1
-5
-12
-1
-13
-18
-18
-33
-44
-30
-26
-13
-26
-44
-30
-46
-25
-18
-31
-19
-38
-34
-28
-40
-31
-42
-25
-18
-22
-11
-21
-23
-16
-6
-22
-18
-5
-13
-3
-12
0
-13
-12
-9
-19
-13
-22
-7
-18
-12
-1
-1
-18
-8
5
0
-3
-24
-11
-15
3
1
-4
-6
-4
1
14
5
-15
13
8
4
-3
-6
-10
-7
-8
-11
-2
1
4
-1
-3
-20
-25
-7
-8
-10
-17
-24
-24
-19
-19
-21
-31
-21
-13
-18
7
0
1
9
10
16
11
17
37
37
46
43
32
46
36
53
40
29
40
33
45
57
37
32
41
40
42
43
40
34
23
25
7
19
40
16
33
23
9
2
0
10
16
5
4
-1
6
24
3
8
-1
3
-3
5
5
-2
-3
-6
-5
-6
-16
-13
2
-19
8
-16
-31
-17
-34
-13
-8
-14
-21
-21
-24
-22
-19
-16
-26
-23
-15
-24
-34
-43
-43
-41
-27
-24
-16
-8
-20
-21
-12
-19
-3
-9
-14
-2
-11
-12
2
-9
-12
3
-2
12
9
20
-5
2
2
-9
9
0
15
0
6
-1
10
0
8
7
10
36
-5
18
-18
-8
-6
-3
13
2
-5
-33
-13
-30
-11
-5
1
-9
-10
-10
-19
3
-24
-29
-35
-36
-29
-13
-13
-23
-17
-38
-15
-9
-7
5
-10
7
-11
8
-10
-1
9
-5
12
-5
25
3
27
27
28
40
30
44
47
58
35
49
31
36
51
39
48
31
39
19
22
32
22
21
-2
11
4
4
29
5
5
11
-4
4
-7
-5
-1
-10
-9
-2
-14
-15
-1
0
9
-15
-10
-23
-13
-7
-4
7
1
13
-1
13
-10
22
6
5
23
5
24
9
12
18
18
13
16
16
28
10
4
-9
2
3
-23
-15
-24
-24
-23
-20
-28
-37
-25
-11
-29
5
-21
-20
1
-21
-9
-27
-6
-23
-11
-9
-23
-20
-38
-25
-14
-37
-20
-24
-33
-2
-6
8
-23
-13
-3
-18
8
-11
-17
1
-11
6
3
-8
-3
-12
1
3
3
-15
-26
-28
-32
-14
-31
-18
-18
-34
-11
-11
-17
-32
-15
0
-13
-5
10
-6
9
18
16
19
4
8
6
17
19
12
10
4
7
23
13
3
-1
21
15
23
24
12
24
15
30
21
29
18
14
26
14
14
15
10
14
10
10
11
17
31
22
19
34
20
25
26
5
29
5
17
18
8
-4
16
18
-15
26
-8
15
4
-3
26
7
14
-8
-2
-1
-9
4
0
-12
-7
-11
-15
-13
-26
-21
-41
-28
-10
-18
-7
-15
-10
-21
-24
-18
-20
-21
-14
-20
-3
17
-6
12
-6
-1
2
-10
4
-17
-13
-4
-2
-14
11
7
1
23
7
1
20
28
12
13
5
9
14
26
3
4
14
-5
2
2
10
-10
16
12
17
1
-21
7
-24
7
-9
-2
-8
-31
-16
-11
-3
-12
-1
-40
-22
-33
-30
-17
-30
-12
-21
-13
-17
-2
-21
-30
-22
-19
-13
-11
-12
-11
-7
-4
3
1
1
4
12
-18
-3
18
12
17
-7
3
1
-3
4
-1
21
6
4
10
0
2
19
15
-3
-3
-8
7
-10
8
11
-8
3
-27
-2
7
-3
7
-18
-7
-10
2
17
11
23
29
14
20
22
24
34
18
39
14
22
26
21
43
29
29
32
29
26
33
22
17
16
18
12
26
15
17
15
25
30
10
37
29
21
14
20
0
-1
1
-5
5
-17
-18
-32
-41
-31
-33
-24
-30
-36
-12
-22
-4
-5
-13
-8
-8
-4
-12
-27
-25
-26
-42
-16
-46
-28
-24
-46
-32
-44
-36
-32
-29
-36
-17
-27
-8
-3
-26
-11
-24
-10
-11
-11
-11
-13
-10
-2
-21
-25
6
-9
-6
-3
-11
5
3
32
32
14
39
28
31
16
2
11
-9
9
20
-9
4
5
-14
16
-1
-4
8
6
19
9
22
5
3
36
21
10
22
10
-5
5
-8
-11
-16
1
3
2
17
-5
14
4
15
7
8
23
11
36
-4
11
3
2
18
-2
12
-27
-15
-11
-6
11
-13
14
-4
-11
7
6
1
-15
5
-1
23
21
7
6
-18
16
-1
-11
-2
-16
-2
-1
-13
-5
-17
-7
12
5
7
-12
-14
-6
-21
-3
2
-1
-14
-11
-10
-30
-8
-12
-9
1
-16
-16
-22
-16
14
-7
16
10
4
52
20
28
34
32
39
32
25
16
17
19
13
20
19
7
16
10
16
37
14
22
23
14
33
16
9
11
0
-6
-14
-22
-29
-25
-11
-22
-7
-22
-17
-23
-21
-13
-23
-6
-27
-4
-20
-26
-16
-26
-36
-35
-25
-27
-13
-19
-23
-27
-21
0
-10
-2
-8
-25
-12
-24
2
3
-9
-4
-18
-12
-20
-16
-15
-34
-21
-9
-9
8
0
-7
-11
-21
-31
-7
0
-7
11
5
0
16
15
15
18
13
10
-1
12
7
39
36
24
31
19
44
37
40
29
34
42
49
45
39
40
25
36
19
14
16
6
5
9
5
-7
-6
-8
0
4
7
-8
-34
-8
0
-16
-13
-16
-14
-23
-5
-7
-22
-18
-39
-29
-21
-7
7
2
1
10
4
16
23
0
0
19
17
18
16
1
2
-5
6
-7
1
-19
-25
-14
-19
7
-4
12
8
13
14
4
29
19
16
4
-9
10
8
17
6
-19
-18
-28
-17
-11
-21
-18
-2
2
0
27
25
1
-14
3
6
-5
20
-13
4
1
-14
-1
-39
-30
-37
-26
-30
-37
-12
-19
-20
-1
-2
-1
14
2
5
8
-2
0
3
-2
-21
-14
-19
-28
-4
-8
-17
-23
-3
-6
13
26
3
20
4
9
2
0
-5
-16
3
-8
3
-11
-25
-23
-31
-35
-30
-31
-27
-7
-22
0
3
16
29
8
25
11
-5
15
6
30
28
2
23
8
12
10
-5
9
18
25
41
30
47
32
19
44
32
37
7
19
14
16
32
7
8
-17
-22
-14
-23
-12
-18
-7
-8
-18
4
17
17
20
16
9
12
-23
-4
-24
-9
-9
-45
-17
-26
-10
1
-2
-16
9
-15
1
12
8
10
-3
28
7
30
16
23
2
5
3
-3
9
-34
-3
-21
-21
-15
-10
6
2
2
14
14
13
24
13
24
27
-1
7
6
-17
15
-8
-1
-10
-32
7
-7
-4
2
-3
7
2
7
24
17
33
18
3
0
-16
6
7
-5
-4
-28
-33
-41
-29
-39
-45
-34
-44
-27
-15
-19
-30
-10
-27
-1
0
-28
-10
-33
-23
-24
-16
-28
-43
-31
-26
-16
-23
13
-10
-27
7
16
36
14
11
32
26
24
28
28
23
15
23
8
-16
-5
-26
-27
11
-14
13
24
7
26
13
56
31
29
24
11
20
2
25
5
6
-3
3
7
12
1
-20
-2
12
13
17
14
-11
11
13
32
52
11
25
23
20
33
14
12
-17
-23
0
-13
-8
3
-16
13
5
5
-3
-5
43
18
28
20
5
17
19
16
-5
3
6
-4
13
18
12
6
16
8
11
36
21
13
16
21
49
37
13
-5
-11
11
-2
7
-7
-18
-16
-30
-23
-21
-28
-33
-22
-17
-2
-36
-36
-24
-29
6
-23
-29
-36
-60
-41
-47
-62
-46
-42
-38
-51
-61
-47
-67
-43
-53
-23
3
-23
-19
-22
-16
-26
-35
-36
-40
-39
-30
-45
-60
-71
-55
-56
-52
-41
-65
-51
-63
-33
-12
-49
-29
-60
-51
-3
-37
-40
-90
-89
-48
-41
-33
-56
-57
-51
-43
3
7
-8
-15
-10
60
43
74
59
51
101
70
122
104
95
126
119
154
139
137
170
148
213
186
206
233
185
277
259
277
275
242
245
237
264
244
205
199
200
218
221
168
153
115
124
140
113
89
15
19
29
20
40
-41
-84
-110
-141
-117
-180
-182
-201
-224
-194
-224
-236
-268
-283
-265
-270
-260
-264
-291
-271
-265
-250
-239
-271
-280
-268
-233
-217
-235
-233
-222
-181
-151
-149
-161
-192
-162
-151
-123
-129
-161
-148
-151
-133
-135
-145
-170
-195
-201
-206
-201
-242
-297
-311
-296
-332
-336
-349
-368
-350
-345
-296
-309
-293
-306
-266
-216
-214
-170
-130
-86
-10
71
116
165
205
314
386
490
518
580
682
770
908
959
994
1013
1065
1141
1209
1241
1224
1190
1284
1334
1338
1293
1193
1199
1177
1149
1094
977
879
816
782
758
607
460
328
203
153
18
-107
-275
-408
-470
-554
-622
-801
-928
-1023
-1094
-1121
-1207
-1296
-1357
-1376
-1345
-1356
-1393
-1429
-1462
-1426
-1372
-1327
-1337
-1286
-1227
-1125
-1032
-979
-942
-880
-770
-654
-530
-510
-432
-374
-245
-95
-64
-34
-55
7
107
148
189
160
157
226
286
347
315
234
216
247
262
179
54
-31
-21
61
90
61
-39
-112
-97
-34
-31
-147
-259
-268
-131
33
70
26
0
80
205
351
426
386
409
569
780
943
1016
960
1013
1100
1280
1401
1391
1377
1393
1594
1770
1852
1775
1698
1688
1769
1788
1707
1596
1439
1403
1449
1460
1339
1082
876
786
739
609
345
141
-53
-127
-206
-365
-616
-874
-999
-1114
-1192
-1403
-1602
-1725
-1772
-1733
-1785
-1895
-2052
-2177
-2165
-2120
-2132
-2155
-2168
-2089
-1913
-1795
-1709
-1706
-1685
-1575
-1465
-1285
-1186
-1144
-1017
-832
-641
-480
-425
-379
-283
-174
-24
68
157
228
340
486
587
626
612
662
717
777
820
814
798
833
879
914
898
811
739
674
623
516
427
360
347
375
376
380
255
134
93
83
88
-15
-86
-71
-44
21
19
-13
-15
-22
69
163
171
178
192
262
397
462
523
552
569
645
721
813
808
786
814
865
949
970
1035
1085
1093
1098
1023
1056
1019
989
1011
959
965
925
934
949
843
637
489
459
458
356
205
39
-103
-119
-179
-241
-448
-696
-789
-828
-817
-940
-1135
-1192
-1239
-1175
-1171
-1300
-1382
-1504
-1407
-1267
-1261
-1312
-1358
-1270
-1162
-1091
-1055
-1044
-1056
-1004
-867
-729
-629
-632
-588
-424
-329
-297
-317
-330
-266
-197
-111
-34
-14
-2
107
243
305
280
218
240
284
381
378
337
290
252
376
434
385
184
35
7
77
133
-16
-274
-493
-469
-311
-291
-555
-974
-1143
-942
-665
-486
-704
-991
-1024
-822
-429
-353
-656
-1031
-985
-406
151
291
-9
-252
60
701
1190
1130
774
704
1058
1659
2011
1908
1632
1561
1888
2392
2590
2368
1996
1911
2283
2629
2645
2284
1861
1857
2080
2204
1973
1593
1342
1272
1392
1350
1136
792
424
258
203
142
-138
-565
-795
-879
-886
-1047
-1422
-1707
-1856
-1807
-1796
-1928
-2088
-2192
-2148
-2053
-2046
-2066
-2128
-2147
-2028
-1857
-1613
-1549
-1544
-1409
-1159
-887
-816
-870
-829
-648
-399
-234
-186
-218
-234
-52
135
269
243
159
183
271
375
351
265
216
206
332
477
399
306
220
272
398
386
323
207
196
251
267
266
101
-41
-15
18
-10
-147
-286
-339
-350
-373
-539
-805
-1048
-1228
-1106
-969
-951
-1071
-1329
-1324
-1132
-940
-975
-1221
-1364
-1213
-841
-534
-572
-724
-780
-550
-56
264
399
220
123
510
1098
1598
1547
1235
1275
1639
2212
2410
2249
2146
2128
2569
3012
3214
3130
2804
2812
3005
3219
3226
2846
2577
2508
2654
2828
2538
2145
1796
1630
1566
1255
1033
769
441
120
-219
-442
-771
-1171
-1421
-1610
-1852
-2161
-2375
-2334
-2387
-2568
-2853
-2976
-2847
-2774
-2804
-2986
-3120
-3040
-2688
-2414
-2267
-2352
-2271
-1996
-1716
-1431
-1355
-1245
-1229
-1060
-685
-305
-177
-290
-246
106
307
430
403
399
576
573
781
872
815
715
613
745
825
738
720
634
652
635
610
630
505
506
490
546
450
253
199
273
325
165
-22
-93
-115
-113
-85
-112
-246
-369
-286
-83
-63
-339
-640
-806
-911
-1014
-1114
-1178
-1210
-1180
-945
-771
-751
-993
-1191
-1116
-1069
-1038
-1121
-1108
-913
-754
-557
-484
-480
-243
-25
348
474
568
865
1130
1502
1628
1760
1837
1932
2205
2420
2563
2620
2657
2982
3271
3411
3431
3320
3407
3371
3335
3183
2952
2804
2649
2627
2531
2323
2092
1824
1543
1302
1063
795
343
-81
-378
-567
-878
-1364
-1648
-1950
-2122
-2363
-2636
-2790
-3150
-3379
-3341
-3242
-3351
-3689
-3819
-3701
-3518
-3418
-3558
-3493
-3399
-3075
-2574
-2517
-2408
-2419
-2115
-1579
-1480
-1367
-1356
-1072
-689
-441
-22
78
99
165
432
889
798
698
734
939
1376
1326
1452
1531
1443
1628
1601
1634
1489
1181
1379
1534
1651
1648
1462
1532
1400
1378
1304
1151
981
764
894
946
819
604
378
416
437
296
190
-11
-115
-71
-5
-31
-337
-787
-1005
-1109
-1221
-1337
-1448
-1378
-1327
-1211
-1135
-1308
-1514
-1702
-1652
-1529
-1580
-1564
-1673
-1547
-1316
-1213
-930
-967
-808
-435
-214
148
156
324
775
998
1393
1417
1508
1752
1820
2217
2311
2473
2581
2644
3042
3133
3280
3322
3169
3249
3055
3058
2919
2513
2519
2337
2403
2208
1827
1797
1491
1271
957
687
475
-134
-535
-850
-1055
-1306
-1782
-1867
-2132
-2466
-2761
-3076
-3133
-3438
-3666
-3645
-3737
-3780
-3965
-3954
-3733
-3731
-3610
-3515
-3238
-3001
-2821
-2477
-2326
-2069
-1832
-1508
-1081
-1028
-846
-515
-139
280
459
815
1047
1107
1316
1527
1735
1699
1748
1954
2239
2478
2475
2610
2651
2649
2620
2483
2386
2207
2113
2217
2247
2164
2026
1860
1774
1539
1328
1132
979
716
526
433
208
82
-216
-277
-349
-537
-689
-893
-935
-997
-1075
-1153
-1393
-1689
-1990
-2316
-2469
-2594
-2514
-2475
-2392
-2278
-2270
-2206
-2387
-2486
-2435
-2417
-2394
-2386
-2321
-2133
-2006
-1837
-1583
-1231
-928
-704
-313
-29
311
555
835
1336
1584
1796
1945
2200
2524
2667
2946
3178
3321
3516
3715
3969
4132
4004
3989
3971
3928
3821
3621
3454
3161
3053
2876
2739
2519
2132
1873
1673
1441
1117
627
109
-379
-806
-985
-1315
-1613
-2064
-2476
-2693
-3035
-3291
-3602
-3827
-3925
-4067
-4026
-3982
-4050
-4135
-4182
-3875
-3634
-3442
-3246
-3120
-2751
-2414
-2009
-1518
-1304
-1022
-832
-541
-51
144
368
547
868
1329
1446
1646
1733
1748
1903
1951
2195
2192
2163
2265
2338
2579
2569
2408
2274
2033
2004
1942
1838
1811
1574
1569
1510
1389
1210
820
640
528
328
154
-157
-321
-427
-484
-366
-582
-799
-1063
-1174
-1103
-1204
-1286
-1379
-1440
-1491
-1829
-2187
-2607
-2910
-2705
-2531
-2271
-2205
-2377
-2321
-2367
-2327
-2355
-2630
-2628
-2597
-2318
-2029
-1999
-1932
-1868
-1381
-824
-471
-223
-250
122
572
883
1404
1446
1711
2014
2314
2901
2972
3080
3202
3329
3775
3890
4013
4081
3947
4225
4130
4144
4026
3698
3718
3415
3327
3088
2694
2477
2051
1782
1692
1362
1203
765
316
30
-528
-725
-1150
-1415
-1715
-2220
-2413
-2726
-2955
-3259
-3579
-3578
-3558
-3482
-3400
-3586
-3578
-3552
-3412
-3103
-3103
-2877
-2754
-2461
-1908
-1631
-1213
-1004
-779
-474
-299
-14
183
287
498
707
1155
1438
1397
1426
1351
1566
1568
1511
1587
1462
1606
1620
1721
1913
1666
1578
1538
1487
1492
1279
1249
1234
1225
1182
987
886
700
525
513
420
245
-39
-351
-196
-125
-348
-540
-947
-969
-965
-1070
-1019
-1189
-1227
-1285
-1217
-1368
-2092
-2849
-3322
-3113
-2652
-2544
-2549
-2711
-2638
-2473
-2483
-2409
-2890
-3343
-3302
-2837
-2255
-2490
-2660
-2454
-2038
-1008
-534
-311
-229
-300
433
836
1321
1612
1317
1808
2340
3009
3544
3317
3286
3137
4003
5330
4773
4461
4403
4708
5273
4485
4830
4541
4099
4576
4603
5155
3687
2533
2593
2567
2687
1722
1160
1348
1193
590
190
-441
-763
-1503
-1936
-2182
-2718
-2553
-3386
-3684
-3499
-3429
-3302
-3538
-4029
-3765
-3342
-3426
-3277
-3761
-3386
-3043
-3014
-3042
-3026
-2473
-1916
-1281
-1498
-2228
-1842
-370
-1114
-707
388
-137
653
573
1559
1314
283
643
1303
2212
1450
1624
1491
1513
1622
2146
2165
2265
2238
1390
2491
2181
1561
1563
2064
1522
1099
1766
2478
2091
822
1154
1675
1564
320
466
395
-58
87
-787
-337
-977
-1550
-1372
-1732
-1329
-2196
-2358
-3260
-4421
-5096
-6227
-5737
-5901
-5318
-4341
-4290
-3394
-3353
-3308
-3446
-3782
-3446
-4034
-3227
-2876
-2155
-1620
-1362
157
652
1581
2053
2663
2425
2162
2456
3131
3153
3015
3589
3995
4651
4574
4967
4926
5047
4573
4596
4701
4301
4233
3725
3897
3743
4032
3864
3613
3666
3356
3400
2712
2033
1906
1545
590
-41
424
38
-102
-79
-793
-515
-983
-1447
-2018
-2560
-3400
-4271
-3921
-4767
-4271
-4413
-4485
-3548
-3265
-3011
-3266
-2554
-2813
-2398
-2370
-2475
-1732
-1253
-1240
-889
-22
-36
449
54
372
-89
37
-200
-260
132
-149
946
52
760
590
652
501
153
889
326
1096
944
1629
1964
2211
2616
2443
2791
2609
2444
2065
2253
2054
1816
2205
1985
1819
1754
1634
1349
1011
823
427
-13
-404
-482
-794
-1086
-1680
-1408
-2190
-3067
-2694
-3640
-3066
-3605
-3189
-3275
-4076
-4526
-6323
-6157
-7593
-7010
-7149
-6277
-4454
-4313
-2314
-2908
-1620
-1546
-1640
-1082
-1647
-851
-872
-98
117
886
1527
2574
3301
3607
3991
3976
4650
3834
4067
3514
3728
3998
3332
3984
3733
4719
4777
4796
5097
5152
5221
4700
4401
3887
3910
3496
3381
3169
3330
3427
3062
2892
2474
2328
1495
652
152
-228
-510
-928
-1052
-971
-1237
-1307
-1781
-2100
-2278
-3138
-3519
-4315
-4597
-4782
-5226
-4772
-4407
-3978
-3303
-2862
-2318
-1967
-2018
-1605
-1912
-1750
-1176
-1254
-630
-636
-2
311
115
576
-111
-213
-578
-978
-1026
-1590
-1313
-1042
-941
-468
-170
181
424
482
1050
971
1592
1913
1969
2607
2627
3245
3086
3188
3187
2910
2696
2255
2061
1794
1515
1115
1095
823
859
545
270
355
-36
42
-299
-798
-1103
-1648
-1597
-2283
-2163
-2386
-1886
-1491
-2491
-1285
-3678
-3522
-5104
-7288
-6326
-8909
-6881
-7209
-6197
-3820
-3338
-1339
-1044
-456
8
-230
-984
-561
-1429
-348
-963
-179
1372
1230
4007
2849
4948
4822
4239
5037
2886
3619
2624
2129
2562
2652
3252
4550
4268
5561
6025
5784
6524
4517
4981
3740
3103
2719
1825
2735
2354
2770
2872
2893
3084
2520
1662
979
-105
-502
-1211
-1894
-1652
-1879
-1442
-1310
-1482
-1180
-1768
-2261
-2800
-4093
-4245
-5307
-5504
-5379
-5811
-4995
-4724
-3667
-2944
-2605
-1845
-1335
-1379
-866
-1301
-928
-585
-997
359
-422
804
599
416
849
-113
514
-884
-461
-1022
-1090
-895
-801
-98
-247
527
500
1442
1400
2120
2374
2476
3284
3222
3627
3406
3721
3762
3546
3246
2827
2431
2066
1610
1222
981
841
693
200
132
139
-197
-200
-326
-369
-394
-1128
-1070
-1820
-2108
-2229
-2896
-2365
-2772
-2701
-3141
-4715
-5264
-6868
-7858
-7971
-9039
-7870
-7127
-5927
-3779
-3596
-1389
-973
-566
391
-626
535
-444
-154
-42
-522
1118
984
2495
2975
3727
4863
4474
4697
4272
3469
3123
2355
2135
2545
2351
3442
3693
4849
5841
5994
6794
6261
6297
5536
4651
3986
3256
2805
2676
2434
2655
2957
2708
2869
1841
1656
794
-208
-780
-1744
-1915
-2369
-2420
-2359
-2259
-2257
-2104
-2496
-2670
-3275
-3965
-4301
-5194
-5175
-5294
-4959
-4514
-4217
-3693
-3204
-2480
-2014
-1555
-1094
-861
-157
-266
109
201
-85
688
-357
690
-232
-280
-55
-1380
-12
-1590
-512
-982
-897
-105
-970
290
-51
806
1343
1489
2230
2906
3139
3987
3732
4279
4572
4260
4618
3665
3845
3048
2890
1991
1649
1154
522
614
-324
83
-570
-439
-425
-712
-553
-857
-998
-1264
-1648
-1867
-2091
-2534
-2522
-2850
-2550
-3186
-3562
-5001
-6382
-7101
-9261
-8651
-9913
-8353
-7117
-6679
-3199
-3718
-310
-440
-66
1677
-349
2073
-64
436
695
-212
1974
1063
3214
3869
4256
5768
4798
5496
4899
3271
3480
1568
1705
1459
723
2651
2419
4369
5153
5835
7359
6781
7035
6115
5149
4491
3440
2545
2129
1690
1844
2116
2045
2432
2072
1789
1208
94
-367
-1239
-1974
-2174
-3013
-2628
-2769
-2795
-2324
-2817
-2307
-2963
-3290
-3692
-4401
-4327
-4732
-4514
-4243
-4007
-3493
-3264
-3011
-2559
-2298
-1531
-1254
-693
13
227
803
586
701
535
70
-105
-1121
-1224
-1678
-1811
-1463
-1755
-616
-859
-191
106
78
985
490
1556
1559
2091
2959
3022
3951
4276
4691
5147
4951
5054
4749
4044
3744
2750
2256
1457
725
27
-677
-932
-1080
-1066
-1368
-943
-1153
-1052
-1027
-1284
-859
-1148
-1125
-1437
-1742
-1766
-2276
-2591
-2669
-2865
-3223
-4385
-5752
-6948
-8681
-9236
-10008
-9240
-8119
-6645
-4737
-3274
-1125
-287
1123
917
2170
1636
2095
1592
973
1864
707
3069
2138
4381
4378
4954
5638
4456
5287
3220
3343
1567
1394
641
635
698
1254
2486
3383
5197
5588
7367
7109
7647
6808
6168
5417
3953
3299
2024
2047
1458
1804
1552
1965
1827
1579
1320
361
108
-1135
-1681
-2747
-3353
-3843
-4218
-4285
-4416
-4352
-4458
-4341
-4576
-4330
-4381
-4013
-3919
-3806
-3461
-3445
-3029
-3125
-2965
-2747
-2280
-1593
-882
-268
262
1009
1113
1501
1087
638
440
-817
-686
-1889
-1638
-1594
-1833
-577
-1184
496
259
1192
1798
1783
2951
2398
3570
3284
3747
3962
3868
4467
4273
4538
4443
4207
4105
3451
2849
2205
1294
753
-375
-1114
-1862
-2320
-2428
-2400
-2114
-2183
-1798
-1863
-1676
-1470
-1749
-1152
-1331
-965
-825
-1260
-858
-1919
-1832
-2354
-2636
-2437
-4062
-4414
-6419
-7745
-8974
-10427
-9332
-9256
-7178
-5565
-4099
-1019
-288
1522
1928
2228
3548
2608
3151
2393
2287
2949
2184
3517
3416
4282
5003
4676
5203
4315
4078
3131
2322
1614
696
296
133
659
1494
2718
3880
5313
6399
7327
7750
7695
7192
6340
4873
3488
2336
1430
1106
188
419
191
539
682
143
232
-532
-592
-1342
-2049
-2666
-3668
-4223
-4966
-5269
-5243
-5357
-5038
-4892
-4548
-3850
-3433
-2552
-2365
-2000
-1880
-1944
-1622
-1714
-1317
-1095
-634
-150
136
516
840
1085
1249
1114
1104
756
267
-180
-1172
-1186
-1853
-1365
-1374
-914
63
-178
1274
1038
2648
2861
2922
3575
2879
3928
3103
3315
2936
2745
2946
2459
2308
1959
1641
1182
788
28
-66
-992
-1287
-1884
-2217
-2168
-2653
-2420
-2753
-2313
-2230
-1956
-1783
-1574
-1173
-1194
-739
-933
-639
-534
-623
-693
-1237
-1220
-1660
-2168
-2622
-3487
-3673
-4732
-5834
-7016
-8510
-8178
-8103
-6788
-5503
-4142
-1503
12
2154
3050
3516
4669
4450
4781
4182
3503
3909
2729
3387
2517
3056
3925
3361
4647
2915
3712
2768
2627
2740
1365
1763
543
1425
1487
2025
2491
3162
4192
5164
5814
5898
6186
5387
4868
3435
2663
1553
764
-395
-1176
-1335
-1350
-690
-1086
-380
-526
-80
-282
-1006
-1140
-2279
-2678
-3786
-4308
-4579
-4980
-4847
-5104
-4667
-4005
-3336
-2380
-1889
-1210
-712
-422
-189
-312
-122
-150
11
-124
104
544
549
1003
618
795
485
-120
-182
-1194
-1016
-1426
-1478
-907
-957
386
333
1169
1729
1809
3051
2408
3323
2735
2639
2823
1822
2441
1260
1270
912
382
675
-5
-70
-162
-652
-524
-894
-1116
-1017
-1546
-1379
-1892
-1673
-1637
-1700
-1680
-2010
-1710
-1877
-1496
-1597
-1408
-1253
-1293
-1098
-1320
-1103
-1080
-1008
-995
-1190
-1066
-1041
-1070
-1047
-1246
-1071
-1243
-1568
-2127
-3375
-4783
-6438
-6842
-6510
-5522
-4257
-2942
-856
1218
2839
4121
4773
5445
5774
5047
4631
3344
3142
1837
1339
1082
1255
2944
2988
4561
3682
4776
4526
4612
4754
2629
2435
321
681
-60
-256
-225
155
1355
2160
2920
3212
3980
3683
3791
2230
1944
1131
482
-265
-1428
-1152
-1127
-227
-560
-234
-317
-58
5
-658
-876
-1788
-2328
-3338
-4097
-4492
-4737
-4680
-4768
-4570
-3735
-2844
-1734
-870
152
1061
1682
2226
2301
2552
2226
1954
1410
1163
966
492
375
-237
-398
-298
-634
-186
-796
-839
-660
-1298
-164
-1350
134
-463
-62
784
-773
1613
-729
1112
-552
-601
443
-1615
684
-1933
-135
-722
-882
-93
-1192
-28
-527
-205
-381
-346
-267
0
-395
2
-259
-10
-151
-607
-500
-1058
-673
-1712
-1460
-2264
-2360
-2269
-2791
-1805
-1946
-714
-522
246
1073
1454
2380
2159
2691
2612
2513
2010
1394
1045
959
543
674
295
-627
-1740
-5191
-5922
-7217
-6592
-5988
-6038
-3791
-2596
713
1241
3300
4170
5002
6162
5030
5946
4587
4381
2709
1386
1370
1504
1933
2423
1428
1165
1658
742
2394
-69
-633
-1952
-2838
-1802
-3370
-2894
-3682
-2294
-1314
-101
847
2363
3852
4002
4616
3699
5168
4894
4192
3125
1963
2450
2145
1411
87
-577
-900
-817
-1471
-1468
-1590
-1625
-1698
-2451
-1983
-1852
-1625
-2064
-2565
-2255
-1518
-512
189
1064
1878
2855
3464
3839
3919
3644
3311
2313
1588
526
-188
-884
-1781
-2176
-2566
-2135
-2109
-2247
-2619
-2986
-3145
-3210
-3568
-3588
-3455
-3574
-3153
-3614
-2736
-2304
-1680
-1084
-1202
-125
-97
477
285
345
526
319
417
-62
120
-73
-56
-201
-214
-31
-42
-189
-572
-957
-1017
-953
-1121
-886
-1322
-1013
-910
-735
-102
-72
654
795
1299
1638
2048
2762
3021
3442
3600
3911
3863
3917
3544
3137
2780
1955
1542
868
377
-306
-606
-1062
-1324
-1174
-1266
-351
-1077
-2340
-4608
-6102
-5612
-5964
-4965
-5245
-3839
-1362
-379
1755
1985
3196
3752
3188
3488
2431
3181
1197
-303
-1190
-2307
-263
-1153
-198
-1182
-1280
-207
-224
1715
170
-346
-1488
-1665
-833
-1166
-1639
-1626
-619
577
2007
2865
4820
5750
6517
6165
6406
7378
6919
5813
3365
2426
2123
1915
511
-940
-1582
-1703
-1245
-1491
-860
-501
-143
-576
-1047
-611
-317
-195
-943
-1525
-1295
-581
-271
133
229
744
1380
1358
1598
1106
744
-16
-939
-1451
-2226
-2678
-3334
-3778
-4099
-3915
-3862
-3464
-3359
-3892
-3604
-4302
-3574
-3906
-3664
-3463
-3497
-2533
-3226
-1725
-2481
-736
-632
-230
1208
-20
2112
365
1657
1325
935
2094
717
1949
1220
1266
1309
1033
1228
1312
890
922
660
542
830
506
887
406
657
592
1103
1415
1696
2067
1924
2685
2187
2862
2613
2401
2612
1604
2012
1600
1758
1473
1054
1234
1202
1544
827
669
340
331
-203
-1062
-1146
-1764
-1573
-2196
-2131
-1746
-2931
-5064
-7758
-7590
-6885
-5653
-5443
-5994
-2811
-1782
552
1164
1207
3418
2133
3416
1610
3215
2270
35
-479
-3446
218
-1369
1092
-550
-951
998
-365
4041
1563
1809
37
-728
897
735
139
-536
205
1121
3576
3537
6336
6787
7594
7020
5900
7632
6491
5581
2099
723
463
524
-842
-2865
-2963
-3403
-1998
-2383
-1472
-644
-652
-721
-1660
-640
-65
-92
-1148
-2099
-1892
-1150
-1163
-1437
-1190
-967
-308
-722
-905
-675
-683
-950
-1749
-2006
-2116
-2002
-2634
-3249
-3319
-3091
-2427
-2543
-2311
-2219
-2089
-2004
-2199
-1958
-1366
-1210
-1070
-1276
-1256
-287
-409
428
37
606
1054
1076
1837
1202
2219
1468
2153
1998
2003
2520
1342
1760
755
1216
997
508
217
-713
-754
-1000
-861
-594
-312
-309
-89
73
706
1402
1558
1488
1461
1531
1649
1750
1362
1406
1133
1065
1029
935
1358
1000
1200
719
647
991
599
822
211
-21
-366
-670
-940
-1398
-1244
-1519
-1209
-877
-364
328
-613
-2759
-5483
-5675
-5471
-4923
-4715
-6183
-3235
-2515
-14
925
982
3517
2222
4585
2370
4725
3738
1554
1674
-2657
1469
-1025
1624
193
-1705
753
-1675
3198
954
191
-889
-1927
404
506
-673
-1159
-338
387
2732
1742
4411
4983
5467
5204
3330
5417
4393
3733
915
-337
166
391
-681
-2390
-2387
-2722
-1372
-1997
-1131
-740
-886
-886
-1693
-301
-408
-192
-1407
-1922
-1379
-1387
-1028
-1391
-662
-524
-170
-215
76
444
249
-126
-469
62
-216
214
-432
32
485
91
607
38
703
-84
-944
-1825
-2188
-1923
-2669
-2914
-3508
-2556
-2554
-2173
-1927
-1544
-301
-553
-77
239
952
1405
891
311
930
1072
1419
902
230
1132
458
841
6
3
371
-523
-670
-1414
-799
-668
-576
-661
-578
348
676
1162
1009
1328
1676
1707
1785
1442
1444
1195
841
656
700
699
703
448
578
868
1192
1425
1081
1525
1418
1617
1301
978
774
330
39
-650
-180
-519
-209
-223
-281
382
916
1598
1679
1900
1770
2017
867
-1353
-4528
-5628
-5669
-5960
-5221
-7222
-4942
-3437
-2149
381
-410
2332
1070
2154
1206
1626
3033
-1204
466
-4499
-1322
-1532
-1698
912
-3729
482
-2269
2110
3053
211
929
-1801
1037
1930
363
-952
-449
-780
1707
122
1104
2935
2147
3511
1108
3996
4764
4619
3516
1601
3189
3491
2947
921
672
242
1010
457
308
1559
1048
1402
378
1351
1871
1470
668
-734
-411
-868
-1402
-2162
-2264
-2447
-2531
-2442
-2150
-1235
-1644
-1538
-1501
-613
10
-487
-347
-681
-19
-669
-1319
-1400
-1730
-1789
-3138
-3314
-3522
-3257
-3662
-4210
-3452
-2960
-1965
-2342
-2071
-1465
-718
-85
-416
142
441
1078
1040
807
1529
1930
2197
1903
1452
1954
2024
1894
1738
1404
1830
1264
738
215
8
629
521
500
45
57
235
601
939
873
1361
1183
1938
2124
2422
2714
2411
2884
2409
2657
2152
1822
1392
810
611
338
505
43
166
-390
-304
-464
-582
-494
-875
-762
-1260
-1197
-1299
-1113
-741
-585
-320
-80
144
145
-978
-2987
-4820
-5076
-4759
-5043
-5179
-6385
-4414
-3967
-2966
-1676
-2172
369
-1013
35
-412
795
1342
-378
-302
-1823
1708
741
2159
-86
-627
1448
539
3798
606
1059
500
786
2703
1903
1685
1559
2057
2511
3739
2940
4781
3879
3687
3580
2910
4889
3165
2513
1062
1236
2554
2084
1138
77
299
219
635
-198
223
258
-381
-176
-877
115
-531
-1223
-1824
-2325
-1768
-2361
-2511
-2755
-2362
-2405
-2048
-1884
-1573
-1028
-1630
-893
-982
-447
-426
-667
-82
-405
-288
-1100
-1019
-866
-1345
-1931
-2837
-2971
-2961
-3074
-3478
-3337
-2723
-2270
-1966
-1702
-1202
-201
-12
254
1030
1534
2316
1950
1846
2264
2655
3141
2731
2609
2588
2145
1844
1263
821
827
107
-198
-395
-603
-178
-309
-73
103
534
1003
1414
1917
2035
2464
2461
2736
2599
2276
2026
1542
1349
799
502
171
-154
-368
-662
-708
-680
-886
-1112
-1206
-1096
-952
-937
-1031
-982
-861
-795
-562
-616
-361
-429
-354
-257
-355
39
-200
-49
-123
-225
-64
-394
-482
-714
-826
-1218
-2243
-3404
-4572
-4653
-4522
-4471
-3989
-4217
-3026
-2162
-1238
139
-13
1027
562
1007
1200
1194
1616
270
638
-300
884
1166
1354
1681
664
2348
2157
3624
2961
1948
2290
1722
2539
1523
875
631
935
1068
1229
1352
1757
2081
1425
1636
1689
2541
2177
1429
1232
1567
2395
1995
1468
971
1455
1151
810
101
-347
-178
-1305
-1727
-2413
-2174
-2062
-2483
-2621
-2503
-1769
-1380
-1063
-1100
-478
-331
63
-6
-212
149
-435
-403
-1179
-1268
-1261
-1384
-1163
-1592
-1346
-1446
-1024
-1188
-1426
-1740
-2109
-1848
-2222
-2139
-2410
-2117
-1675
-1374
-993
-676
42
563
969
974
1323
1444
1786
1682
1479
1648
1339
1364
786
642
685
840
873
774
1021
1155
1708
1688
1771
1697
1614
1614
1371
1350
1040
906
667
396
344
319
339
402
371
525
576
662
685
674
787
441
262
-160
-245
-325
-560
-844
-1192
-1158
-1241
-911
-1070
-942
-800
-746
-458
-563
-383
-515
-456
-668
-730
-730
-693
-562
-672
-548
-699
-546
-847
-900
-1243
-1304
-1500
-1883
-2047
-2831
-2333
-2768
-2283
-2454
-2684
-2089
-2420
-1339
-1635
-879
-761
-429
407
167
1171
716
1383
1415
1576
2194
1981
2607
2306
2539
2631
2740
2782
2627
2249
2132
2019
1769
1848
1136
1182
832
1011
1101
730
863
526
799
653
582
466
441
568
593
961
1040
1489
1506
1691
1890
1784
1808
1155
610
-87
-631
-1069
-1608
-2030
-2322
-2336
-2307
-2076
-1988
-1735
-1425
-1130
-737
-664
-421
-250
-216
-188
-465
-471
-506
-519
-591
-835
-1000
-1131
-1260
-1304
-1137
-1316
-1322
-1690
-1694
-1333
-1284
-830
-934
-593
-235
-18
421
490
781
767
794
774
908
1007
780
598
178
281
313
295
238
-48
261
518
714
987
936
1026
1134
1035
1261
1186
1019
912
523
575
554
510
488
193
273
253
132
149
-217
-368
-514
-782
-647
-767
-841
-949
-1224
-944
-699
-551
-344
-351
-23
308
301
577
410
520
645
309
517
148
30
-270
-617
-411
-468
-373
-791
-817
-672
-506
-324
-763
-674
-799
-785
-827
-1265
-1021
-1323
-1387
-1444
-1706
-1259
-1410
-1125
-903
-752
-112
-194
149
202
416
751
520
635
339
312
193
-62
-184
-262
-334
-250
-99
40
562
531
981
1103
1344
1708
1559
1858
1624
1743
1633
1514
1484
1419
1487
1333
1456
1199
1349
1204
1159
1246
886
1050
773
871
897
622
614
332
383
405
303
248
181
105
154
82
148
287
209
342
230
406
611
552
388
74
-79
-10
-193
-734
-1029
-1568
-1411
-1516
-1841
-1751
-2121
-1694
-1812
-1677
-1421
-1416
-937
-1068
-789
-630
-422
-479
-599
-634
-559
-340
-693
-665
-1001
-845
-804
-912
-814
-1080
-919
-1042
-866
-751
-618
-621
-727
-573
-441
-133
-167
-72
50
265
506
610
711
860
879
903
955
883
1098
791
795
721
747
1039
714
896
644
660
683
523
629
459
412
240
278
240
342
228
326
479
504
739
658
901
924
816
684
593
474
418
159
-225
-283
-583
-503
-870
-1140
-1342
-1759
-1796
-2205
-2219
-2306
-2352
-2355
-2336
-2111
-2007
-1677
-1660
-1213
-810
-497
-5
-76
303
481
649
897
796
1026
984
973
981
988
1060
1104
966
899
1108
1070
1283
1087
1092
1334
1319
1580
1464
1483
1595
1526
1622
1747
1724
1870
1687
1643
1860
1635
1785
1268
1096
1014
598
630
67
1
-238
-418
-450
-619
-564
-642
-534
-534
-274
-213
-107
-96
-193
-136
-281
-295
-458
-604
-768
-841
-1000
-1007
-1071
-1158
-1058
-1182
-1028
-1129
-1123
-1166
-1312
-1319
-1576
-1754
-2062
-2139
-2115
-2008
-1868
-1822
-1540
-1412
-1171
-883
-703
-444
-449
-402
-262
-182
-58
-245
-348
-293
-49
227
194
350
399
814
1087
1166
1335
1175
1481
1348
1404
1441
1214
1414
1096
1115
1051
904
945
703
712
721
672
624
424
397
553
516
505
299
205
262
92
61
-114
-168
-209
-322
-378
-445
-518
-672
-671
-664
-419
-391
-409
-313
-267
54
-20
-76
-87
-110
-44
-150
-299
-399
-515
-658
-582
-695
-703
-884
-1120
-996
-1014
-848
-1005
-1227
-1082
-974
-661
-497
-529
-362
-258
-35
206
243
319
204
157
293
425
512
508
384
421
623
833
1145
1145
1287
1365
1500
1725
1646
1676
1494
1415
1293
1197
1123
968
901
689
769
746
797
848
693
802
722
739
671
456
403
236
146
58
-111
-134
-228
-310
-252
-303
-193
-265
-346
-292
-305
-235
-374
-436
-406
-359
-306
-378
-371
-344
-341
-423
-538
-566
-636
-796
-1003
-1100
-1112
-1187
-1287
-1417
-1462
-1399
-1437
-1391
-1327
-1172
-1044
-1008
-856
-763
-552
-505
-462
-353
-317
-219
-305
-270
-202
-172
-110
-205
-101
-33
-30
-10
-152
-119
-114
-99
-65
-96
-69
-58
-36
32
197
321
455
543
581
778
801
839
797
663
661
509
440
345
273
274
236
226
319
363
434
495
431
580
557
590
622
473
492
366
314
351
286
350
384
395
502
529
612
658
622
675
574
480
390
230
86
-42
-192
-281
-399
-582
-568
-696
-631
-660
-775
-610
-712
-552
-568
-591
-436
-495
-327
-358
-272
-208
-218
-191
-182
-62
-99
36
25
168
318
289
437
358
501
570
562
706
630
680
685
653
693
624
625
618
595
582
521
477
452
393
240
201
83
16
-28
-235
-204
-269
-240
-226
-347
-288
-331
-301
-273
-341
-269
-249
-229
-179
-236
-195
-190
-184
-201
-281
-315
-355
-348
-447
-518
-583
-618
-604
-655
-662
-696
-645
-610
-614
-570
-523
-469
-442
-491
-483
-453
-490
-478
-520
-447
-374
-358
-339
-316
-230
-171
-99
-113
-73
-44
-31
-21
-87
-42
-68
-67
-27
-76
-47
-15
7
114
194
284
423
463
537
567
609
667
593
554
485
418
400
328
223
202
209
216
267
238
355
401
371
474
402
510
477
391
405
216
202
181
103
149
74
85
218
230
371
362
408
534
537
600
544
506
489
376
248
187
82
1
-105
-236
-209
-200
-177
-140
-215
-125
-55
-49
41
-42
-34
-61
-120
-33
-127
-117
-126
-195
-102
-134
-85
-72
-86
-65
-102
-102
-104
-81
-123
-91
-95
-28
62
14
135
127
180
269
179
282
200
154
108
-50
-12
-160
-250
-358
-476
-474
-526
-551
-575
-529
-527
-496
-458
-448
-360
-380
-357
-357
-399
-396
-497
-516
-551
-605
-549
-565
-492
-448
-418
-317
-274
-166
-121
-53
-7
36
47
8
-1
-25
-27
-101
-126
-156
-186
-177
-196
-170
-94
-45
47
102
151
241
257
286
273
279
255
279
240
192
208
162
253
251
360
446
468
570
552
648
672
630
602
542
495
457
408
354
336
301
320
336
318
364
345
319
319
285
347
307
275
266
185
228
176
113
90
17
-12
-60
-136
-202
-239
-274
-244
-264
-235
-164
-197
-82
-135
-103
-52
-121
-59
-165
-163
-157
-170
-138
-183
-178
-130
-93
-81
-80
-112
-95
-62
-101
-83
-100
-101
-86
-150
-133
-179
-189
-211
-278
-288
-308
-293
-279
-283
-253
-201
-152
-85
-83
-63
-40
-7
27
15
30
45
82
97
113
137
127
139
122
128
129
116
90
59
73
75
128
147
160
170
201
243
193
175
121
58
16
-114
-191
-253
-303
-334
-402
-370
-344
-292
-244
-222
-129
-66
-6
-12
-29
-26
-30
-43
-87
-129
-174
-158
-197
-202
-135
-151
-71
-55
-50
34
26
93
73
21
13
-72
-72
-126
-183
-190
-204
-143
-128
-101
-42
-9
33
60
42
58
88
35
11
-37
-31
17
-5
28
54
116
225
258
316
365
399
473
463
467
497
479
486
449
433
460
400
377
337
306
318
234
203
172
109
107
81
38
20
-5
-37
-7
-18
-21
-7
-33
9
-17
-20
-13
-52
-51
-113
-148
-168
-218
-226
-277
-311
-292
-310
-264
-278
-279
-206
-184
-154
-160
-152
-137
-144
-163
-182
-212
-224
-211
-259
-261
-251
-252
-197
-194
-125
-75
-54
17
23
74
85
96
85
79
67
63
90
50
72
65
85
133
141
187
185
214
244
221
230
241
219
195
170
126
123
88
75
30
41
61
52
64
36
48
37
56
13
10
-10
-15
-21
-73
-51
-93
-99
-106
-152
-152
-162
-194
-200
-247
-273
-246
-276
-263
-287
-298
-274
-311
-271
-283
-292
-267
-249
-227
-213
-192
-143
-116
-121
-50
-55
3
35
35
72
78
97
136
123
129
164
136
171
103
114
110
75
108
56
50
51
41
79
131
193
249
279
320
376
417
414
418
403
404
388
319
288
211
217
222
155
161
140
153
142
108
115
94
75
20
-45
-90
-142
-169
-188
-207
-218
-209
-201
-191
-165
-157
-117
-136
-160
-180
-220
-200
-234
-256
-269
-274
-237
-206
-179
-118
-109
-65
-12
-55
-15
-52
-61
-53
-98
-102
-112
-97
-86
-71
-51
-11
5
57
55
46
68
56
75
56
34
58
57
82
126
138
188
211
253
282
291
327
314
300
285
223
189
115
31
-15
-65
-101
-148
-168
-198
-180
-181
-157
-119
-83
-12
-16
22
47
68
88
47
42
-12
-37
-71
-143
-164
-210
-198
-219
-202
-182
-156
-113
-82
-48
-57
-33
-44
-59
-75
-88
-125
-143
-185
-216
-167
-163
-107
-69
-38
51
92
174
199
208
228
211
201
173
134
78
61
7
6
-12
-15
13
16
73
99
100
140
142
151
149
106
83
20
28
-1
-55
-60
-76
-85
-49
-39
-11
38
71
109
115
161
155
158
139
99
82
47
12
-39
-89
-130
-162
-165
-192
-179
-197
-187
-139
-132
-83
-84
-34
-12
27
58
63
76
68
75
30
46
15
17
36
-28
-21
-35
-21
-17
-46
-43
-40
-37
-42
-65
-89
-75
-93
-72
-95
-75
-40
-20
32
38
74
96
119
125
140
111
113
86
57
49
4
-13
-55
-67
-70
-92
-82
-79
-106
-73
-90
-47
-19
-20
-9
-18
-3
1
25
24
58
31
38
57
70
85
80
99
73
84
70
77
46
34
5
-29
-22
-69
-60
-88
-76
-73
-46
-13
2
49
68
118
131
172
166
164
158
128
128
82
81
53
34
54
21
30
17
20
24
11
18
-4
-13
-43
-64
-76
-101
-129
-118
-142
-118
-74
-50
2
2
22
34
55
55
41
12
-6
-14
-44
-71
-110
-132
-144
-152
-155
-150
-144
-137
-122
-103
-82
-90
-65
-48
-44
-16
2
5
32
42
28
40
13
24
-2
-10
-16
-2
18
-39
-9
-4
-6
8
7
11
-1
-9
-23
-34
-19
-13
-9
7
0
29
42
32
44
43
56
55
41
45
35
41
15
-4
-11
-15
9
-12
0
5
4
-10
-11
9
16
14
-3
-11
-12
3
-12
6
37
18
22
31
-1
3
12
-13
-11
-17
-22
-12
-11
29
45
47
83
73
80
76
69
84
51
45
47
32
27
16
5
35
42
62
76
60
90
84
90
86
75
93
72
45
55
52
32
67
69
54
64
32
38
53
38
48
27
24
-13
-25
-28
-51
-40
-90
-82
-96
-97
-90
-76
-78
-94
-86
-107
-102
-104
-105
-115
-100
-97
-107
-83
-87
-99
-86
-75
-88
-98
-88
-108
-91
-91
-88
-80
-100
-70
-72
-64
-66
-66
-47
-28
-18
-1
2
11
40
59
80
76
85
90
82
94
83
88
97
64
58
50
42
33
40
23
15
26
19
45
45
38
40
48
41
43
64
43
20
33
21
39
57
32
49
26
30
31
18
28
7
18
12
21
7
-10
-1
-43
-39
-56
-74
-96
-101
-117
-127
-80
-98
-66
-47
-48
-21
-18
11
14
19
35
4
-21
-43
-41
-49
-54
-56
-59
-14
-25
-15
-8
22
38
36
86
63
71
66
44
58
37
45
36
52
45
36
56
47
65
65
93
94
81
102
91
104
102
84
64
31
40
19
6
-4
-17
-19
-24
-30
-12
-7
-11
28
8
17
11
-6
-5
-30
-35
-63
-69
-110
-117
-104
-109
-95
-80
-55
-55
-26
-19
13
8
11
22
-12
15
-12
-40
-48
-57
-66
-44
-48
-27
-7
-21
1
-2
34
36
1
0
-5
-11
11
-6
-11
-15
-13
3
-14
8
12
5
41
31
16
30
12
37
26
20
32
5
15
5
-16
-2
-27
-42
-42
-50
-40
-51
-46
-56
-46
-24
-33
-45
-40
-39
-21
-29
-42
-39
-50
-43
-44
-20
-24
-18
-10
-11
2
17
24
30
37
50
64
54
58
70
54
49
39
48
49
25
45
30
35
14
32
36
28
40
40
53
47
71
49
55
39
25
54
38
53
38
37
43
22
44
21
44
40
24
18
8
18
-9
4
-40
-24
-16
-50
-24
-39
-19
-11
-32
-12
-19
1
2
3
6
-2
0
-9
-9
-27
-29
-43
-36
-63
-49
-38
-52
-52
-65
-53
-47
-40
-56
-57
-72
-68
-79
-69
-46
-58
-33
-30
-21
-2
-9
9
-4
2
5
-1
3
-8
0
-27
-13
-27
-4
16
-7
29
1
-7
24
14
17
12
-9
5
-12
34
20
6
43
8
31
37
30
33
29
40
32
37
41
19
31
44
22
31
44
8
22
22
20
39
23
59
44
36
52
33
57
53
38
17
17
9
3
4
-11
-20
-6
8
6
18
2
1
6
24
11
18
8
-24
-20
-34
-18
-32
-33
-33
-32
-34
-26
-22
-25
-5
-13
6
-15
7
15
-7
3
-32
-16
-40
-61
-57
-59
-38
-46
-44
-48
-66
-61
-51
-66
-66
-49
-66
-68
-59
-46
-20
-29
-5
-11
-19
3
-7
13
4
18
31
19
35
32
35
34
35
48
61
60
55
69
50
60
73
48
52
35
48
49
39
56
54
41
46
57
42
57
48
44
54
23
8
3
8
9
-5
-13
-29
-17
-23
-31
-10
-32
-15
-7
-19
-23
-35
-30
-48
-42
-46
-43
-38
-54
-45
-55
-34
-25
-25
-15
-30
-20
-14
-12
-22
-34
-39
-23
-42
-40
-39
-59
-36
-35
-17
-22
-38
-29
-32
-41
-27
-38
-25
-23
-48
-21
-1
-10
-10
-1
-15
18
32
32
14
35
38
34
65
32
44
53
47
55
64
35
26
27
22
33
37
38
35
37
41
50
44
60
57
63
62
63
65
47
50
68
59
57
54
25
54
45
27
27
-10
-6
-18
-32
-23
-46
-15
-6
-28
8
-6
-16
-10
-20
-2
4
-11
-18
-40
-44
-32
-46
-55
-65
-55
-37
-50
-66
-60
-69
-61
-64
-70
-46
-70
-53
-50
-54
-44
-54
-35
-45
-46
-28
-18
-54
-19
-18
-7
24
-13
18
-16
-2
18
14
16
16
14
7
33
24
56
38
41
37
23
49
15
21
10
12
33
7
17
6
3
7
4
16
4
-9
-1
4
9
29
13
7
-1
-28
-24
-7
-17
-14
-11
-6
-8
-15
11
-16
2
8
2
6
-6
-1
1
9
6
9
-1
31
26
23
27
4
19
24
30
26
8
10
29
13
23
16
1
14
-1
0
18
11
19
12
-16
13
3
21
27
3
32
15
15
11
12
31
6
24
30
4
6
13
10
12
14
8
22
14
-3
4
5
0
4
24
-3
-7
6
-15
-3
0
-9
-25
-12
-31
-10
5
-18
-14
-30
-18
-32
-22
-30
-30
-10
-1
-11
-18
-7
-27
-22
-20
-17
-28
-38
-40
-52
-30
-33
-46
-38
-57
-51
-45
-47
-38
-31
-14
-38
-22
-11
-5
0
-13
-16
-33
-19
-37
-27
-14
-14
2
-7
3
24
39
38
33
27
35
33
25
37
19
12
30
19
29
39
27
29
16
11
16
11
39
19
28
50
22
55
36
29
30
-5
24
-8
9
15
-35
-5
-16
-28
2
-3
5
18
-9
1
-20
-5
-5
-31
4
-18
-5
-1
-10
-6
-5
7
6
-1
10
2
-7
3
-1
-10
-24
-3
-20
-20
-1
-9
-5
-7
-9
-7
1
7
22
27
18
29
20
28
30
17
18
1
0
-3
-6
-3
-9
2
22
6
28
25
6
25
26
31
19
25
9
-2
2
15
6
-1
-4
-14
8
-2
-3
-10
-20
-32
-7
11
0
15
-8
7
-9
-8
-22
-34
-12
-45
-12
-27
-20
-8
-24
-23
-26
-14
-28
0
-21
-31
-42
-43
-19
-23
0
-29
-3
-21
-34
0
-20
-1
-22
-29
-44
-49
-21
-19
1
-12
9
3
13
16
2
21
-4
20
22
24
6
-1
9
17
34
30
23
-11
30
7
13
24
11
40
4
14
12
-1
-2
4
-11
-19
0
-2
1
-7
14
-3
-5
18
5
21
6
4
7
-2
32
15
-3
10
17
22
30
36
33
23
13
31
34
49
32
31
23
7
30
26
31
3
29
23
0
16
15
21
11
12
3
5
17
1
-10
-10
-14
-19
-2
-24
-16
-21
-39
3
-26
-1
-19
-26
-16
-33
-5
-21
-33
-47
-46
-36
-18
-40
-21
-11
-22
-7
-14
-7
-5
-19
-24
-25
-44
-39
-46
-33
-25
-11
18
-10
-24
4
-30
-6
4
-9
7
-38
-11
-27
-20
-7
-17
-9
-11
-12
-12
2
-36
-6
-7
-14
17
0
17
5
12
12
5
23
13
15
11
19
17
30
16
28
50
28
61
28
35
50
15
33
1
9
27
11
25
29
18
22
17
14
44
21
29
27
3
12
-22
-13
-4
-19
3
-8
-8
-6
-26
-19
-14
-9
5
9
-8
1
-7
-2
-15
-18
-5
-17
-3
-24
-19
-9
1
-1
4
3
5
14
8
19
-7
-12
4
-11
-9
-8
-23
6
11
10
25
-4
21
23
28
25
-5
-6
-20
1
0
10
2
4
-5
4
4
-10
19
1
-1
-11
-3
0
8
5
3
-6
3
5
-14
-6
-24
7
-7
-9
12
2
10
31
3
-35
-14
-33
-40
-41
-34
-35
-30
-20
-46
-31
-32
-25
-5
13
-7
-16
-7
-21
0
-15
6
-11
-9
5
-6
-1
-24
4
-6
-2
-8
-2
-2
-2
13
-15
8
-21
-9
5
4
30
3
1
4
4
15
17
1
21
29
15
22
-6
1
-1
-3
20
-2
15
4
-6
-3
-9
11
9
-5
0
17
-4
29
19
11
21
-17
-2
1
11
-6
6
13
2
6
10
23
-3
30
4
4
30
-5
15
2
27
23
26
44
34
43
-1
15
11
-1
7
-1
20
18
22
23
26
20
-1
10
11
18
31
16
5
2
17
11
18
-1
-1
-6
6
11
-11
-1
-12
-6
-27
4
6
-11
-17
-28
-15
-12
-21
-36
-23
-33
-31
-23
-16
-25
-29
-10
-12
-15
-14
-21
-42
-41
-29
-42
-30
-27
-30
-25
-18
-14
-13
16
-13
-13
-13
-22
-6
-19
-41
-43
-33
-32
-11
-35
-16
-24
-18
7
4
25
11
35
9
15
34
17
29
5
12
14
9
9
-1
-7
4
7
-4
19
-10
8
5
-8
0
-8
22
-23
-5
-12
-13
11
-6
17
-6
8
18
12
22
12
7
20
12
-3
1
-20
4
22
12
26
11
15
29
47
48
40
35
14
9
1
0
12
14
11
17
43
22
26
38
16
32
4
22
17
10
25
12
20
5
-2
1
-19
-22
-13
-32
-8
-17
-10
-5
-19
6
4
2
-11
-13
-2
-19
-11
-30
-28
-12
-32
1
-5
-1
-4
-20
6
-9
-19
-20
-17
7
0
-1
-6
-8
-25
-10
3
-8
-2
-10
-6
-3
2
-4
1
-8
-4
-13
-12
-12
-28
-6
-9
-17
-19
-40
-17
-1
-1
12
-2
2
-11
8
-8
-5
4
-1
1
1
5
-22
11
-4
22
23
15
19
-7
9
10
10
23
28
16
14
-11
18
11
-5
7
-8
12
-13
-10
-21
-30
-13
-14
-6
-14
-11
-11
-2
-9
1
10
-13
-5
-10
-20
-2
-10
-12
-8
-20
-18
-20
-8
-6
5
5
4
3
10
12
14
20
9
25
14
4
23
28
42
48
27
14
10
19
20
26
25
27
14
22
6
0
7
-22
7
-22
-15
-16
-24
4
2
0
12
1
7
20
0
14
-4
7
8
-6
2
-7
-8
-6
-7
-4
-6
-5
6
2
9
5
9
10
7
4
1
-4
-3
12
16
1
-2
-9
-2
13
11
35
19
23
16
-11
3
-15
-28
-19
-21
-19
-25
-21
4
-9
18
12
0
34
1
5
1
-8
-5
-25
-22
-35
-20
-14
-28
-22
-25
-29
-20
-5
-16
-23
-20
-18
-15
-13
-14
-27
-31
-33
-31
-17
-23
-26
-16
-2
-5
13
14
-4
-8
-14
13
-4
7
12
11
17
-8
14
1
15
20
9
10
22
38
21
41
28
29
31
9
33
8
13
13
-13
1
6
35
17
19
17
17
7
-3
13
-10
-1
-17
-4
-1
1
13
-3
-4
-21
-7
8
-14
-12
-6
-24
-19
3
-8
-7
1
-21
-10
-7
-12
-11
-13
-16
-20
-6
-3
2
8
-1
-8
-5
6
13
18
-12
-7
-6
-12
21
-1
-1
14
13
15
20
19
21
-4
0
0
6
26
12
21
-10
3
10
12
9
-5
4
-29
-4
-8
-6
-9
-9
1
-13
19
-5
12
17
-6
0
9
7
2
20
-15
-9
-5
3
16
-17
-5
-15
5
25
-10
14
-4
-5
31
18
20
14
-4
-1
-4
-4
5
3
13
-1
-4
2
-11
12
-10
-25
-10
-39
-37
-20
-15
-15
-15
-29
-21
-12
-11
4
-12
-10
-20
-4
1
-5
11
0
-12
-5
10
-4
15
16
3
33
9
14
31
12
22
17
14
3
10
7
1
2
20
6
10
33
9
36
6
-1
0
-10
-13
-6
-7
-16
-27
-24
-10
-42
-8
-10
-13
-18
-28
-27
-39
-17
-15
-36
-30
-25
-33
-19
-21
-14
-12
-14
-22
-12
-9
-2
-2
0
-6
-28
-7
-11
7
31
31
8
19
30
19
47
21
30
31
18
39
28
45
28
21
16
1
24
30
17
18
30
23
24
15
13
17
6
20
11
5
-1
-5
18
14
12
3
-4
-8
12
-11
3
21
11
43
3
18
-5
2
-7
-11
3
-32
-8
-23
-15
-24
-1
-6
-6
1
-14
1
-16
-20
-1
-14
-11
-11
-21
-15
-20
5
-8
-13
-18
-20
-26
-17
-20
-17
9
-11
7
-16
-6
1
-1
4
-11
-5
-22
-12
-12
-6
-14
-4
3
-19
5
-25
-2
-14
-24
11
-9
15
-6
1
-14
-13
17
14
5
-15
2
-17
13
3
5
32
-4
11
-8
7
-11
-17
-2
-12
-8
-9
17
3
25
7
12
19
3
25
-1
23
-7
-7
15
-22
-1
-17
-10
2
-7
-6
-18
-20
-13
1
2
13
-8
3
8
13
12
4
15
-9
4
18
8
1
3
4
15
12
7
10
8
9
8
24
12
6
2
0
10
2
30
4
0
26
9
23
17
18
1
-7
2
-8
-4
-6
-8
-9
12
4
3
8
-19
-1
-11
-6
-20
-23
-13
-25
4
-11
-9
-19
-1
-2
-12
2
-24
-19
-22
-19
-19
-16
-13
-15
-10
-19
-2
5
-10
-20
-5
19
29
41
22
27
30
26
39
25
18
10
4
15
19
8
14
1
-4
13
5
16
10
11
11
6
33
12
9
5
-6
3
3
1
-6
-24
-23
-5
-24
-10
-29
-25
2
-27
-1
-5
-16
-23
-22
-10
-26
-18
-9
-18
-7
-2
-17
-23
-16
-16
3
-7
-20
0
-10
-14
-34
-3
-8
-1
11
-21
-8
-20
9
-8
11
7
-4
26
-1
17
13
-1
-1
-5
-3
6
-4
-2
-3
-14
1
-10
-3
20
6
16
14
7
9
3
5
-17
-7
-4
-5
12
6
2
10
12
7
13
14
10
-20
-1
14
-11
22
16
19
27
8
5
12
16
-6
18
0
3
7
11
36
14
40
17
27
25
20
21
13
24
-4
19
2
12
12
7
11
-15
14
12
7
15
1
-3
2
-16
-1
1
-9
11
-14
-14
1
-14
-10
-13
-25
-6
-15
-12
-2
-15
-8
-27
-25
-3
-23
-1
5
-16
18
-6
-7
-5
-26
-7
-17
10
-19
-18
5
-15
4
3
-3
6
2
-9
17
-6
5
-15
-17
7
-16
11
-8
-4
3
8
-7
-5
-15
-15
9
8
10
-16
-8
-21
-10
-10
-19
-32
-19
-9
-33
-6
-27
-18
-13
-13
-9
-17
-4
-21
-15
-9
-25
-24
-7
-9
-14
16
11
2
15
2
15
7
-3
8
-24
9
-5
-9
9
-11
11
8
16
13
15
1
10
25
29
20
-21
-5
9
7
27
19
12
20
12
32
20
25
25
5
19
8
13
18
-10
-2
1
-17
3
-9
-6
-4
4
17
6
9
5
-5
7
18
-2
19
12
12
23
3
10
-4
23
29
-2
7
-9
-5
4
8
0
-8
-2
-9
12
-5
13
22
13
21
18
21
17
19
20
6
-2
20
-16
-1
3
-24
-18
-29
-10
-28
-7
-12
-26
-1
-18
-8
-20
-17
-18
-1
11
-18
-13
-2
8
-4
-4
-10
-10
-1
5
2
-3
-5
-16
-4
0
-18
-6
-26
-20
1
-20
-4
-20
-2
-10
-6
-26
-25
-9
-21
-1
-33
-28
-27
-4
-5
-16
-9
-19
-19
-9
-12
2
-13
-3
25
9
22
25
16
9
21
8
16
18
21
-4
-11
15
-5
21
22
-1
17
20
9
11
-2
19
5
24
23
6
14
0
9
7
15
-10
-3
-9
-5
-9
-28
-9
-20
-13
-3
-24
-28
-14
-29
-8
-19
-28
-12
2
-7
-7
1
-8
-2
4
26
-7
11
4
-11
35
10
7
27
-3
12
11
7
15
7
32
22
24
50
30
30
36
14
43
8
30
39
-2
33
17
18
17
13
15
6
-7
12
8
3
18
-3
16
-2
5
28
14
12
14
6
19
24
29
34
-9
1
-3
-11
-13
-24
-14
-14
-32
-14
-20
-36
-26
-26
-8
-23
-28
-17
-29
-33
-6
-34
-12
4
-38
-11
-35
-42
-15
-12
-21
-28
-29
-26
-7
-36
-31
-36
-35
-8
-35
-14
-28
-34
-17
-9
-10
-16
-1
3
-6
-7
6
-17
-2
-17
-21
5
-6
4
3
0
9
11
8
9
-14
8
8
-13
19
3
2
32
7
18
7
-5
