SAMPLES:	11179
BITSPERSAMPLE:	16
CHANNELS:	1
SAMPLERATE:	16000
NORMALIZED:	FALSE
0
-10
1
6
-4
15
-7
14
-2
1
20
9
20
15
9
8
-3
10
20
12
25
16
-3
-10
-5
-20
-28
-6
-17
-7
-9
-15
-12
-13
14
9
25
14
-3
5
-3
-8
1
1
-13
-16
-11
-11
-13
-11
6
0
7
10
-15
1
-16
0
4
28
6
-10
1
-20
9
-7
11
-3
-2
-5
-1
10
-1
16
24
20
14
9
13
18
17
22
20
27
5
23
-1
-10
15
12
28
0
11
-1
0
13
19
13
6
15
-13
4
-3
8
2
-3
-9
-31
-19
-38
-27
-17
-29
-46
-17
-43
-29
-12
-33
-2
-42
-15
-22
-20
-16
-28
-23
-50
-21
-48
-37
-39
-14
2
-33
-9
-30
-15
-2
0
25
13
-2
-1
-5
2
7
-7
16
-18
-18
22
-14
23
25
12
29
2
26
16
14
23
27
22
1
15
8
9
11
24
16
16
5
3
17
-7
3
5
11
0
6
15
-16
4
6
1
-10
3
3
-4
30
3
24
14
20
20
2
18
9
23
6
27
12
29
26
13
35
28
46
35
33
16
5
-1
23
21
33
15
12
24
3
37
17
16
12
-18
2
1
-9
9
-14
-4
-28
-9
-6
-36
-17
-45
-28
-26
-4
-32
-15
-22
-42
-1
-32
-17
-46
-23
-12
-28
-3
-14
-19
-15
-10
-44
-27
-30
-27
-9
-22
-2
-24
-37
-24
-13
-11
-4
-8
-5
-16
-2
17
-12
-10
-11
1
10
0
7
0
-3
3
0
3
-4
-11
2
2
-7
17
-7
12
16
-18
18
-5
7
1
-3
2
-13
12
-5
-13
-15
-6
-17
10
23
-3
13
-9
19
3
-5
10
-3
18
10
23
7
6
-4
2
7
-2
5
-4
12
-9
7
33
18
18
15
4
12
-8
13
10
7
42
26
24
34
16
-2
8
-7
14
-1
-7
-3
-14
4
-15
-4
-7
-12
-10
-13
-14
-6
-16
-5
0
-6
27
22
16
3
-5
-3
7
-7
-5
-9
-19
-1
-11
4
11
11
31
21
22
15
4
18
26
43
30
30
19
9
15
-7
17
10
16
18
4
29
13
26
4
2
11
-14
11
-5
-27
-22
-8
-22
-7
-17
-15
-5
-47
-13
-40
-24
-11
-35
-22
-39
-14
-12
-9
-1
-15
-25
-6
-12
-11
0
-26
-32
-15
-17
-16
4
-2
-8
-25
-19
-29
-21
0
-10
-4
-10
-13
-4
-4
2
4
-10
5
-17
4
19
-3
6
2
-12
-6
-6
-13
12
-1
0
-10
-17
-2
-14
-14
-4
-6
5
-7
-12
16
-26
0
8
-14
21
-7
13
14
-9
8
10
4
6
9
3
-20
-9
5
-2
7
23
5
4
16
-13
19
-5
13
21
-1
31
8
25
9
22
23
16
11
-2
5
15
28
29
46
28
47
32
27
23
32
35
21
32
21
35
21
45
43
28
26
14
24
18
6
-1
11
10
27
24
12
38
9
-7
14
-11
15
1
7
9
-17
4
-22
-3
-20
-16
-4
-14
-20
-15
-29
-39
-15
-29
-17
-32
-15
-17
-29
-29
-51
-52
-43
-44
-54
-53
-42
-34
-38
-20
-20
-18
-40
-58
-35
-15
-23
-42
-53
-16
-3
-41
-23
-7
-4
-15
-27
-16
7
-13
-24
-10
6
-5
-10
-24
-19
8
-2
18
5
24
-1
-12
3
3
22
2
4
19
25
9
7
6
10
21
10
9
10
-1
29
14
19
24
3
25
-11
-2
8
1
20
19
8
19
29
26
25
37
40
16
28
25
6
24
29
19
30
14
34
33
32
50
17
28
10
14
12
5
18
20
10
19
16
7
18
-12
7
-2
3
-3
21
8
-16
15
-12
-2
-10
-5
-17
-23
-20
-33
-50
-26
-10
-13
-19
-30
-13
-22
-21
-22
-19
-20
-5
-23
-10
-2
-23
-16
-17
-2
-18
-7
-15
-12
1
-1
-10
2
27
-3
19
12
-6
4
-15
-6
-7
2
5
-18
-15
-16
-1
0
-7
4
4
1
-9
10
16
26
22
36
21
16
30
-8
14
-2
4
25
17
8
22
13
-13
7
-18
9
-6
-11
16
1
11
-5
9
-3
-8
-12
-19
-14
-21
-17
-20
-4
-25
-27
-21
-41
-29
-43
-41
-43
-37
-22
-36
-13
-23
-33
-20
-3
0
-1
1
-23
-13
-19
-6
4
8
4
9
9
-7
3
7
25
-12
23
3
-10
19
-19
25
14
14
14
5
16
16
11
20
19
27
43
39
30
24
39
25
29
21
12
19
26
2
0
22
10
20
32
28
20
13
24
5
-9
7
-21
-5
11
23
13
11
13
5
25
7
10
2
4
3
19
0
12
15
14
25
-6
25
2
1
1
5
-1
-19
1
-1
-25
1
18
-12
2
-16
-17
-15
-13
-17
-12
-7
-28
-30
-18
-21
-19
3
-12
0
-10
-20
-12
-25
-19
-26
-24
-15
-18
-27
-28
-27
-12
-25
-26
2
-27
-9
-12
-14
10
-1
-8
-17
-24
-29
-15
-25
-15
-10
1
1
-17
-15
-18
-9
-3
6
-12
1
-8
-5
0
1
24
-7
-8
-17
-11
-13
-3
9
14
24
7
11
-6
17
10
18
24
0
5
-13
10
2
8
12
-7
9
3
7
12
14
17
7
7
2
16
25
27
22
25
24
4
12
31
16
12
6
1
9
8
9
5
9
-5
-5
-12
-6
4
8
10
-6
-8
4
-5
-11
0
-8
11
14
1
9
-8
-18
-1
8
27
5
15
23
10
32
11
24
17
12
35
36
19
15
19
6
-10
-9
-5
-14
-6
-23
-21
0
-1
-11
-7
-6
-8
-7
-15
-19
-30
-26
-38
-33
-2
-20
-7
8
-21
-10
-15
10
21
-13
-13
2
-10
3
6
10
12
-17
4
-17
-6
6
-12
11
14
6
11
10
9
11
13
-1
-7
-6
-9
-4
-14
10
-11
-4
7
-2
11
-7
-8
-13
-27
-25
-29
-23
-17
-30
-19
-18
-21
-28
-17
-32
-24
-32
-47
-29
-38
-15
-16
-4
2
-6
-18
-16
-16
-30
-19
-10
-4
-11
17
-12
-20
8
-9
16
25
30
45
34
31
15
13
22
21
24
21
21
24
24
32
29
22
28
42
39
49
47
41
47
12
10
17
19
9
12
15
33
35
9
24
0
25
10
10
9
2
19
-5
12
10
18
0
14
5
8
11
-9
10
-16
-19
-22
-17
-6
-12
4
2
-14
-12
-9
-28
-2
-11
-18
18
-17
-13
-13
-19
-2
-2
5
-7
-6
-6
-23
-21
-2
-19
-24
-25
-27
-15
-25
0
-5
-21
-7
-27
-9
-17
4
4
-13
-6
-32
-23
-32
-19
-8
1
4
-6
5
-7
-12
-6
-2
1
-6
7
-10
-37
-16
1
16
33
2
0
9
-21
-15
-18
1
-4
-7
19
30
7
-1
13
12
26
16
25
7
-17
20
-14
-20
-1
-6
-2
-11
12
-13
-8
-11
-19
-34
-18
-21
-28
-15
-48
-14
-23
-10
3
2
6
15
16
-3
4
-2
16
-1
13
25
9
23
1
22
8
2
26
11
23
12
-11
1
4
12
32
12
16
19
3
19
7
21
6
13
33
19
37
23
21
12
26
19
12
32
5
6
19
11
8
0
4
21
26
18
21
20
19
23
8
15
-1
3
-12
-14
2
-40
1
-9
-27
-14
-47
-27
-26
-31
-16
-25
-26
-22
-22
-9
-10
-4
-5
-27
-15
-36
-27
-6
-14
-11
-20
-16
3
-13
-7
34
6
31
11
-12
9
-1
11
3
10
-2
5
5
-10
1
6
27
-11
-7
10
-28
-7
-2
-5
-6
-9
-13
-7
-22
-4
-7
-8
16
-15
16
-25
-8
0
-11
18
-8
-11
-35
-30
-16
-13
-14
-18
-18
-4
-26
-27
1
-13
-8
6
-9
-15
-12
-26
-3
9
-11
-3
-10
6
1
-2
9
8
16
-5
8
-2
0
12
8
26
15
28
14
6
22
2
19
8
8
21
14
30
30
29
25
26
23
19
8
23
11
11
20
9
34
8
30
38
-3
3
4
9
14
16
19
12
17
5
15
24
6
18
16
10
-3
11
4
3
14
16
24
13
8
-6
2
-14
-5
10
2
10
7
16
-5
-9
4
-24
-7
-13
-15
-11
-33
-11
-40
-30
-18
-45
-25
-31
-14
-3
-17
7
-27
-17
-16
-9
11
3
14
-18
3
-36
-17
-10
-16
13
-14
4
-24
-9
-1
-5
-5
-5
-14
-24
2
-16
-6
-12
-24
-5
-15
1
-20
-4
0
-16
1
-32
-2
-5
-11
-1
10
-3
-12
-12
-22
-9
-12
13
-15
-4
-3
-30
-17
-12
-15
-13
14
-15
1
0
-9
-7
-13
9
11
11
-10
4
-16
-12
6
-4
0
22
8
23
41
1
21
-11
2
4
15
32
21
37
8
21
12
12
20
21
41
26
30
26
14
18
35
21
32
50
13
48
21
16
35
29
31
17
41
16
11
4
-4
-1
2
1
-20
17
-3
-19
-5
-55
-7
-13
-21
-12
-25
-25
-40
-16
-25
-22
-41
-29
-32
-10
-24
-26
3
-37
-9
-33
-33
-13
-48
-37
-20
-35
-15
-13
-21
-17
-20
-7
-5
0
20
12
-1
27
26
31
33
12
23
26
28
31
19
23
8
7
21
8
14
17
8
-3
16
19
14
24
26
26
15
23
7
25
17
15
47
3
12
25
4
11
5
7
11
-8
23
10
-10
24
2
-6
-13
17
24
-11
-23
8
-7
-31
16
5
-24
-20
-23
-14
-20
-28
-11
-22
-22
-25
-13
-23
-31
-26
-35
-48
-28
-43
-46
-52
-69
-35
-87
-61
-55
-76
-69
-94
-78
-80
-74
-70
-55
-69
-64
-64
-67
-52
-71
-86
-80
-75
-90
-72
-80
-62
-52
-62
-33
-43
-30
-5
-4
31
54
34
71
66
90
101
97
136
104
135
159
157
189
165
168
181
193
239
222
239
228
213
231
211
237
230
197
187
201
184
183
174
140
155
118
121
135
95
84
62
36
35
26
6
0
-28
-52
-60
-73
-79
-104
-118
-121
-137
-133
-130
-137
-149
-154
-171
-179
-174
-172
-188
-186
-195
-210
-174
-195
-185
-194
-214
-198
-217
-212
-219
-231
-246
-221
-252
-251
-265
-319
-283
-313
-327
-345
-368
-370
-367
-355
-374
-382
-382
-385
-364
-343
-329
-313
-322
-270
-191
-182
-168
-138
-97
-16
39
106
169
185
227
304
406
479
511
553
619
672
741
791
832
860
850
915
978
1003
1000
953
963
990
968
929
915
880
803
746
686
651
570
469
414
342
262
171
93
31
-66
-175
-246
-322
-406
-478
-560
-613
-659
-739
-776
-814
-839
-891
-954
-926
-927
-926
-925
-919
-880
-888
-852
-780
-747
-710
-696
-656
-597
-530
-471
-412
-343
-304
-271
-243
-173
-115
-74
-61
-111
-54
3
35
77
37
14
-68
-49
78
111
31
-160
-169
-65
29
27
-62
-127
-226
-169
-13
94
-32
-249
-196
40
218
184
73
62
113
209
436
589
556
354
352
677
912
936
792
755
828
911
1092
1214
1168
1002
909
1118
1310
1257
1122
1007
998
1004
978
1017
953
730
539
519
602
528
296
131
46
-66
-188
-212
-270
-496
-776
-893
-821
-871
-1036
-1212
-1271
-1320
-1443
-1440
-1390
-1433
-1580
-1644
-1522
-1422
-1442
-1431
-1361
-1282
-1263
-1182
-997
-873
-830
-825
-669
-460
-361
-288
-193
-66
8
89
194
356
466
444
496
626
731
763
790
875
935
904
910
1009
1045
999
969
1008
1037
972
929
945
943
854
765
785
780
688
556
539
512
422
354
319
306
172
68
41
62
-6
-157
-179
-214
-259
-344
-406
-355
-443
-525
-559
-614
-618
-693
-705
-614
-667
-845
-866
-801
-723
-746
-902
-909
-896
-865
-731
-691
-794
-893
-815
-594
-503
-539
-600
-551
-428
-298
-71
-40
-75
-67
32
280
457
502
489
506
605
798
895
960
968
900
963
1098
1181
1199
1108
1073
1093
1093
1116
1062
1020
923
854
872
846
764
639
548
481
417
361
292
174
46
-53
-97
-171
-243
-278
-380
-503
-552
-587
-627
-671
-723
-720
-817
-963
-878
-727
-736
-896
-987
-858
-762
-764
-713
-655
-746
-849
-670
-372
-306
-641
-727
-345
-182
-233
-296
-216
-166
-239
-129
165
220
-62
-189
99
387
289
118
147
305
261
221
419
494
291
151
328
544
483
237
314
436
376
303
363
536
377
204
280
404
419
229
234
316
207
104
239
359
78
19
24
81
256
-4
-108
-87
-122
-25
43
-98
-301
-220
-440
-215
60
-408
-503
-550
-325
-167
-463
-686
-514
-473
-661
-405
-447
-545
-707
-758
-317
-212
-552
-648
-369
-296
-342
-283
-92
-36
-213
-182
219
324
162
151
299
545
449
499
604
709
694
574
825
942
886
720
805
977
986
927
884
1026
874
756
921
989
856
648
619
710
732
507
455
572
302
163
165
183
134
-201
-220
-196
-292
-490
-476
-393
-747
-834
-881
-778
-771
-1061
-1126
-1029
-964
-1063
-996
-1080
-1107
-1158
-1112
-800
-815
-1013
-1095
-752
-559
-554
-623
-646
-415
-396
-338
-116
-92
-210
-199
87
367
265
97
120
410
519
482
546
450
432
560
799
802
666
513
522
783
843
786
522
427
533
787
716
450
444
191
310
484
452
340
-11
-192
102
434
98
-187
-241
-254
9
20
59
-97
-517
-343
90
180
-110
-260
-473
-352
10
-66
-72
-514
-689
-209
-26
-106
-506
-764
-685
-364
-284
-363
-605
-1004
-750
-417
-276
-581
-924
-689
-397
-340
-488
-478
-381
-306
-172
-79
74
-12
-184
75
312
512
359
210
504
563
707
677
798
816
517
782
933
1054
891
761
954
954
918
892
986
791
742
789
901
959
527
471
572
667
529
328
266
-58
97
-86
16
72
-464
-427
-633
-361
-398
-836
-823
-986
-808
-842
-909
-757
-1038
-1145
-938
-665
-613
-906
-1127
-806
-457
-486
-461
-484
-526
-460
-140
69
149
-196
-317
177
278
437
420
211
215
360
534
649
590
339
387
495
611
718
564
339
425
544
545
535
292
290
233
255
357
230
43
-158
15
79
-23
-274
-380
-142
-304
-416
-283
-368
-453
-480
-441
-345
-542
-628
-361
-281
-489
-438
-332
-341
-319
-334
-124
-120
-428
-492
-98
-167
-510
-525
-92
176
-329
-794
-812
-78
-250
-485
-427
-852
-679
-709
-106
-42
-880
-1357
-739
560
132
-748
-1032
-483
388
371
236
383
-108
-334
365
1259
1451
515
196
608
1406
1614
1302
1277
947
962
1444
1931
1925
1296
922
1435
1903
1883
1456
1138
1172
1082
1360
1413
1296
872
268
639
849
688
374
-131
-65
-265
-448
-289
-449
-560
-1109
-1205
-1057
-1167
-1313
-1684
-1250
-1258
-1493
-1644
-1736
-1230
-1376
-1540
-1299
-1154
-1213
-1215
-989
-712
-666
-741
-614
-93
-63
-462
-157
-51
324
329
127
445
290
319
428
721
698
363
414
495
674
524
348
635
559
338
333
278
512
303
142
214
47
-4
-73
215
9
-266
-289
-237
-101
-291
-409
-393
-453
-445
-242
-369
-335
-565
-586
-249
-254
-261
-379
-399
-366
-105
-83
39
-127
-362
-200
-351
-218
-82
-33
-320
-951
-595
365
40
-494
-1414
-1084
129
-505
-269
-933
-1147
-918
-637
661
-293
-975
-1383
-207
1345
195
4
-263
160
1068
817
1618
1168
524
632
1184
2544
2092
1566
1143
1283
2166
2071
2245
1851
1217
1371
1709
2079
1864
1220
1035
1109
1256
1219
874
679
197
119
438
392
124
-535
-726
-527
-674
-725
-821
-1161
-1424
-1627
-1559
-1399
-1539
-1590
-1669
-1725
-1726
-1612
-1490
-1487
-1397
-1429
-988
-1135
-1017
-649
-701
-358
-630
47
179
-13
147
220
738
269
582
846
787
709
393
834
835
537
458
596
636
429
413
401
278
268
18
99
74
-97
-13
-266
69
-182
-398
-307
-347
-238
-499
-329
-426
-465
-428
-524
-367
-49
-4
-790
-1140
96
-826
-1053
616
-1141
-118
-281
130
667
-1462
-170
-929
313
-360
780
-1137
-1328
399
-2644
1992
-1245
-379
-768
-2633
308
-1861
801
-745
-2130
-1200
-1103
-21
-622
-1157
-673
-976
-41
1550
462
-276
-274
14
1974
2409
1596
1226
532
1942
2643
3175
3280
2184
1610
2104
3270
2843
2767
3161
1882
1051
3885
1922
969
3140
113
1510
1586
990
1330
-212
-451
551
-232
-883
2064
-3559
-711
249
-3563
1401
-2402
-1625
-1883
-2118
-1405
-2962
-973
-1972
-2167
-2830
-1355
-1962
-1895
-1833
-1699
-574
-2999
-92
-1314
-1978
318
-1049
-296
-264
-616
-729
894
287
129
548
-234
1116
275
712
1120
201
249
585
1072
367
489
542
39
906
310
500
555
-263
434
241
-111
1044
341
-838
1033
-419
195
900
-554
573
-262
-263
234
241
400
101
-119
-71
-28
399
243
-104
35
-359
-220
447
-460
-157
16
-1258
364
-334
-783
-287
-1473
-906
-1059
-1616
-1398
-1772
-1607
-1571
-1966
-1599
-2381
-2094
-1394
-1351
-1378
-2257
-1358
-681
-374
-187
-964
-116
237
999
1790
1264
1244
691
2214
3617
3345
2761
2046
2445
2862
3661
3530
3245
2728
1908
2821
3037
3004
2527
1213
1399
1630
1604
1514
596
52
57
179
306
-31
-691
-934
-1271
-1024
-636
-1121
-1161
-1648
-1878
-1529
-1577
-1151
-1222
-1748
-1726
-1850
-1393
-1253
-1324
-1098
-1651
-1516
-1418
-1416
-1293
-864
-525
-623
-1035
-1072
-286
-390
-204
-335
-320
-16
-219
569
337
-342
-71
118
1267
1040
52
-2
-129
409
710
1134
1053
286
-478
86
844
954
880
23
385
211
552
755
136
489
236
292
594
626
-131
-37
-140
253
866
119
237
-526
-435
-257
217
715
200
-84
-421
-31
-111
47
-38
-175
-140
-532
-476
-430
-634
-225
-385
-450
-726
-1450
-1704
-2364
-1513
-1856
-1956
-2075
-2636
-2018
-2530
-2085
-1787
-1870
-2020
-1378
-1101
-778
-682
-1232
373
577
1002
1371
1295
1796
1581
2167
2943
3455
3073
2707
2617
2653
3100
3180
2970
2814
2317
2226
2255
1995
1900
1342
1311
997
1056
887
258
208
-174
66
26
-90
-46
-542
-811
-530
-477
-488
-308
-636
-773
-678
-717
-519
-438
-625
-814
-1026
-878
-958
-1158
-841
-1145
-1191
-1085
-1294
-926
-1446
-1335
-1267
-1492
-1366
-2057
-1179
-249
-96
-705
-1246
-681
97
234
-230
254
-364
-71
1195
1077
543
-921
-827
997
2013
1306
128
-307
-574
195
1013
1388
758
-1191
-1008
-201
647
937
-375
-450
-572
241
446
212
175
-867
-30
748
1480
1146
-69
-223
-84
976
1642
1309
601
-69
-220
204
870
984
91
-257
-284
-182
49
-274
-373
-613
-329
-515
-330
-349
-761
-523
-695
-209
-921
-1692
-2022
-2272
-1892
-1846
-2286
-1746
-1819
-2491
-1562
-2069
-1547
-1485
-1512
-159
17
-255
-579
244
404
1635
2165
1654
2306
1375
1937
2770
2569
2955
2255
1736
1847
2001
1845
1727
1346
999
1175
797
1054
832
-90
-128
45
281
506
212
-259
-194
-122
106
1004
895
452
370
47
557
706
871
1084
463
377
379
422
596
254
-43
-517
-1074
-787
-996
-1135
-1203
-1947
-1606
-1725
-1504
-1298
-1958
-1794
-1744
-1245
-860
-538
-737
-1116
-1226
-585
1692
1439
676
178
-181
1469
666
1394
1345
-387
730
661
1459
-146
-1473
-1151
-632
137
-1146
-492
-2211
-2462
-1490
-1245
473
-957
-1439
-1560
-1181
507
778
1151
192
312
1113
1317
2326
1582
1628
1259
1101
2466
1898
1094
254
-315
-75
241
279
-214
-1142
-2104
-1799
-1077
-1033
-697
-1362
-1540
-1110
-1108
317
-34
-105
-78
-4
1178
930
1666
1472
1127
685
-107
-101
-193
-348
-690
-1087
-1813
-1608
-2021
-2009
-2010
-2332
-2021
-1444
-882
-1001
-850
-1911
-1042
38
782
2082
1357
1316
611
974
2406
3179
3169
2039
1827
1329
1767
2246
1666
1209
389
226
343
198
-336
-595
-909
-906
-63
-56
-166
-734
-1213
-311
566
1314
1764
1494
1019
895
1138
1951
2326
2026
1760
1012
1025
1056
814
381
-206
-641
-1175
-1146
-1320
-1497
-1898
-2422
-2418
-1904
-1450
-1159
-1362
-1379
-1014
-794
-22
340
652
412
453
289
261
1839
2298
1854
1144
388
891
1139
35
489
-670
-1384
-574
-1035
-369
-2688
-3093
-2531
-2055
-1376
-2478
-1853
-3274
-2313
-1707
-889
366
-1033
-380
-922
461
1595
1215
1443
754
1531
1555
1684
1639
1043
1081
266
1137
1040
595
84
-1244
-598
-839
-420
-504
-1088
-1247
-1389
-868
-412
362
389
265
347
748
1162
1737
1183
1431
1683
1595
2649
2100
2544
1740
1082
1294
574
916
-269
-1627
-2400
-3100
-3179
-3183
-3742
-3698
-3802
-3774
-2197
-2395
-2700
-2658
-1973
-160
441
1101
936
822
1440
2692
4038
3657
2990
2105
2343
3309
3122
2647
1333
61
-120
-164
-221
-737
-1625
-2219
-2333
-1934
-1237
-1079
-1652
-1509
-1001
128
1212
1493
1795
1563
1956
2698
3370
3895
3506
3001
2422
2438
2453
2475
2161
686
347
-255
-451
-320
-1265
-1564
-2505
-2837
-2577
-2251
-1915
-2022
-1901
-1961
-1181
-519
-27
174
87
573
1081
1687
1755
1872
1626
962
1001
473
-261
-203
368
23
-1230
-2104
-2602
-1892
-3363
-3436
-2897
-4836
-3240
-3127
-1991
-2439
-4400
-3056
-2277
-561
-847
619
-20
-449
1061
964
3428
2466
1951
1718
1023
2863
3302
2575
1475
287
515
1065
1340
1390
129
-811
-1499
-544
-188
-71
-642
-1721
-1003
-959
573
676
137
-470
-550
632
1530
2806
2128
2055
1127
1217
2695
2431
2465
1508
866
1175
1318
1459
1416
259
-948
-1012
-887
-780
-1391
-2957
-4395
-5025
-4874
-3580
-2565
-2659
-2844
-3088
-2344
-972
-524
-616
-581
352
1972
3040
2746
1888
1400
1349
2253
2890
2659
1800
592
552
713
292
-404
-1446
-2050
-2082
-1880
-1729
-1621
-2101
-2374
-1764
-662
790
1259
1466
1887
2267
3124
3800
4129
4286
4175
4220
4582
4450
3782
2753
1488
662
306
177
35
-633
-1756
-2588
-3132
-3273
-3052
-3038
-3107
-3071
-2756
-2042
-1403
-944
-700
-299
253
748
1464
1480
1500
1373
1197
1390
1210
1306
932
105
-629
-1047
-1420
-2628
-3779
-3697
-2947
-2753
-3197
-3330
-3467
-3529
-3504
-2905
-1897
-2280
-847
761
1257
1056
-152
490
1231
2538
3241
3678
3010
2034
2185
1501
2359
1621
820
352
284
991
322
-362
-1535
-1372
-1251
-759
92
-126
-705
-1450
-1259
-367
380
493
417
485
1094
1405
1790
1864
1209
1020
1104
1904
2669
2758
2269
1384
458
264
833
870
849
457
-248
-463
-745
-800
-789
-1395
-1771
-1442
-1060
-1302
-2442
-4093
-4926
-4334
-3072
-1142
-967
-1281
-840
-807
54
-760
-354
560
1196
3030
2700
2689
1374
751
1383
1202
1915
1100
931
463
33
246
-1110
-1703
-2421
-2382
-1573
-1439
-1034
-1348
-1855
-1506
-288
1133
1885
2344
2512
2915
3255
3388
3802
3506
3441
3458
3408
3443
2692
1654
297
-867
-1395
-1272
-1109
-1301
-1784
-2639
-3200
-3369
-3042
-2572
-2498
-2278
-1832
-1145
-366
178
411
380
433
790
1513
1846
1783
1380
728
544
518
553
521
-50
-660
-1032
-1134
-847
-1222
-1894
-2707
-3571
-3557
-2464
-1017
-1042
-1353
-1560
-1328
-783
-974
-138
10
-195
1183
2122
2405
1608
438
578
1013
1699
2163
1962
894
74
-355
-636
-9
-408
-757
-1261
-1059
-410
-642
-706
-1413
-875
-538
296
1370
1294
1206
260
539
1122
2007
2448
2042
2107
1292
1344
1517
1154
955
401
551
842
972
1144
661
-360
-1138
-699
-10
531
812
343
7
-798
-715
-89
84
226
-323
-1148
-2093
-2564
-2839
-2613
-3017
-2637
-1835
-1549
-317
-622
-715
-1433
-1539
97
1157
1930
1358
978
361
626
1312
1403
1415
193
126
281
191
192
-787
-1644
-2049
-1995
-1286
-856
-1070
-1321
-1658
-1087
28
903
1443
1283
1247
1644
2199
2592
2725
2411
2181
2091
2160
2424
1956
1039
-2
-558
-473
-97
-157
-636
-1163
-1891
-1732
-1489
-1285
-863
-1027
-1089
-922
-293
514
884
804
582
670
839
1386
1631
1442
1056
460
515
645
760
591
78
-323
-529
-388
-367
-621
-1278
-1799
-2554
-3266
-2643
-1625
-1029
-1368
-1860
-1693
-1482
-1467
-1199
-779
-1277
-785
533
1496
1534
214
-391
-236
612
1197
1928
1557
441
167
-671
296
442
-221
-363
-863
12
310
130
-301
-423
-449
-101
1012
1278
1534
769
315
936
1443
1950
1755
1427
1056
710
723
967
966
544
73
248
790
1088
1064
583
134
-55
297
711
896
472
-49
-164
-430
-83
445
608
269
-647
-1406
-1836
-2567
-3083
-3232
-3423
-3194
-2424
-1312
-546
-474
-1258
-1510
-1371
-379
895
977
1424
890
1160
1236
905
830
-301
-115
-157
582
572
82
-615
-1998
-2096
-2732
-1803
-1452
-1358
-1049
-1255
-279
65
483
647
1110
1509
1921
2539
2935
3142
2615
2673
2493
2670
2699
2289
1936
1063
697
286
153
-11
-315
-453
-832
-786
-770
-760
-744
-959
-698
-388
-124
293
239
231
110
111
597
738
848
455
139
-103
-302
4
43
171
-161
-403
-539
-738
-824
-1258
-1822
-2446
-2452
-2191
-1731
-1648
-2195
-2113
-2370
-2330
-1738
-1965
-1307
-1248
-766
353
185
702
58
316
593
1089
2249
1870
2462
1367
1364
1337
709
1330
309
482
282
222
368
-166
-250
-786
-648
-526
-79
330
133
190
103
401
852
941
1133
1115
1087
1314
1509
1868
1777
1542
1463
1632
1963
1791
1527
1246
909
783
745
577
337
-187
-522
-650
-682
-714
-862
-898
-1035
-910
-862
-775
-1212
-2388
-3118
-3407
-3242
-3000
-2622
-1596
-649
-377
-500
-854
-1587
-1814
-1343
-557
465
605
804
865
116
-698
-1606
-1501
-989
-268
293
352
333
-793
-1414
-1734
-1741
-796
-555
155
623
922
1324
875
1002
1067
1774
2614
3014
3539
2959
2501
2159
1980
2258
2319
2374
2093
1572
1122
818
348
-250
-530
-492
-391
-381
-269
-113
-183
-532
-585
-323
-417
-522
-483
-149
-24
-289
31
-7
-107
-446
-812
-436
-588
-431
-297
-150
-76
-239
-221
-379
-286
-798
-785
-645
-497
-183
-487
-722
-1246
-1535
-1992
-1830
-1781
-1810
-1592
-1701
-1339
-1548
-1687
-1718
-923
-549
-97
713
658
1303
540
753
1245
1057
1584
1177
1773
1439
1271
1035
398
790
-133
421
284
55
457
-397
111
-322
-273
87
86
669
423
876
850
978
1220
1010
1481
1380
1739
1971
1918
2018
1804
1789
1324
1330
1163
816
527
-233
-99
-414
-823
-1010
-1499
-1588
-1794
-1658
-1367
-1088
-1008
-1182
-1400
-1828
-2082
-2403
-2668
-2591
-2045
-1039
-224
196
-273
-1141
-1318
-1619
-1395
-959
-759
-79
-179
-212
-552
-1357
-1822
-1713
-566
-35
866
1094
769
638
-572
-314
-73
211
824
845
1561
1602
1567
1054
713
910
960
1571
1673
1893
1772
1213
744
664
1005
1225
1516
1478
1645
1339
941
816
518
360
177
707
1313
1600
1496
1068
840
325
151
191
309
370
-207
-322
-695
-860
-1031
-1655
-1572
-1911
-1558
-1477
-1414
-987
-1391
-982
-1089
-552
34
-19
446
-101
29
88
-33
118
-559
-519
-882
-1260
-1096
-1732
-1765
-2189
-2257
-1682
-2076
-1653
-1759
-1707
-1286
-1185
-145
18
572
702
581
1268
1141
1801
1769
1725
2161
1780
2024
1712
1342
995
537
829
725
779
472
63
104
-270
-76
14
205
507
386
648
714
812
885
874
1126
1217
1406
1685
1623
1414
1061
653
585
383
189
13
-240
-507
-949
-1002
-1277
-1319
-1575
-1791
-1399
-1613
-1173
-915
-888
-659
-690
-328
-117
-12
-24
-13
-327
-530
-397
-833
-1381
-1746
-1522
-1205
-1243
-1714
-1756
-1869
-2635
-1928
-1887
-1941
-1917
-1996
-59
-187
-383
-236
-478
330
-294
1050
1641
1303
1420
478
1862
1335
1193
1538
756
1850
974
1618
1930
893
1067
-29
1215
1560
1261
1934
1040
1589
900
793
1679
1187
1745
1146
1466
1917
1395
1737
894
1176
859
386
1287
820
827
-375
-884
-364
-1315
-1107
-1473
-1164
-1359
-2089
-831
-985
-837
-1257
-1313
-383
-1000
-138
0
56
-201
-1029
-166
-705
-443
-617
-1174
-574
-1246
-783
-720
-1162
-1367
-2018
-1595
-1218
-803
-764
-794
-491
-943
-838
-313
-208
117
101
127
1037
1043
898
1100
525
622
687
636
1215
1146
733
634
674
381
365
536
399
633
308
322
831
259
248
405
222
759
958
1070
1215
854
565
558
602
662
690
399
74
-27
-260
-361
-216
-648
-895
-885
-986
-742
-768
-897
-978
-912
-875
-636
-523
-760
-499
-664
-487
81
-40
64
13
-332
-361
-172
123
326
151
-148
23
-238
-658
-409
-587
-758
-440
-389
-229
-327
-910
-1077
-847
-727
-493
-231
-267
-41
-504
-932
-481
-630
-1067
-675
290
176
-270
-241
-212
153
-451
-93
1185
649
820
1245
1331
1329
628
696
1046
1183
903
1224
1686
1043
902
640
664
903
322
609
1001
895
735
493
671
510
208
326
566
918
753
671
1110
940
571
644
894
818
440
305
458
431
-64
-143
-69
-660
-793
-706
-653
-560
-938
-893
-1019
-1134
-1107
-1199
-797
-925
-747
-494
-344
2
-346
-286
-291
-387
-478
-378
1
-396
-440
-486
-549
-461
-809
-645
-462
-655
-681
-465
-424
-521
-618
-675
-313
-215
-321
-59
22
-110
-134
-16
215
362
208
564
835
542
538
630
577
298
291
252
429
264
237
303
-66
-160
-45
59
-143
203
91
160
284
134
-121
38
-108
-91
439
-82
114
169
88
52
218
-233
-196
-51
-437
227
-60
-45
-161
-116
-70
-196
-94
-399
87
-307
170
-31
-15
-165
-554
542
-514
299
-172
-187
-117
-590
-76
-1415
-302
-982
-768
-310
-638
-235
-1043
-370
-317
-482
-350
307
91
308
592
687
538
444
713
52
704
417
902
58
538
538
-97
332
-20
362
-655
523
-205
1
423
-15
308
-46
21
179
332
347
1100
299
967
1058
645
895
1024
780
574
1000
597
1059
755
264
585
56
-35
644
-345
-48
25
-666
60
89
-327
-289
44
-440
337
88
182
606
-350
254
295
16
-159
51
-332
-445
242
-912
-111
-499
-1820
-366
-1419
-851
-752
-1178
-450
-837
-628
-1228
483
-1072
-878
720
-1101
642
-300
-189
267
-456
142
-94
388
-880
770
-217
-1342
1175
-1420
-573
330
-540
-136
-283
-204
-286
575
-838
677
982
-732
1162
801
76
1080
154
506
714
418
533
166
1168
-1331
884
-68
-425
309
-1156
942
-1421
290
-699
38
-311
-1143
300
-174
-372
-376
915
-653
807
-252
367
575
208
264
153
842
-210
491
-71
56
-255
-289
-1305
1007
-746
-1134
556
-901
-812
-647
335
-2059
1360
-1179
-220
1573
-983
710
102
123
-832
2010
-1190
913
1610
-1552
1781
590
-538
487
816
-735
933
-45
259
320
-146
122
-513
1017
-867
619
425
-535
1216
-491
805
174
475
369
-207
2253
-1408
1062
770
-827
623
226
-342
-151
882
-1524
1164
-917
-513
499
-1228
447
-778
383
-157
-30
770
-636
573
-112
224
698
-130
593
334
379
-165
847
-459
-63
-335
-658
-20
-377
47
-1311
885
-1717
57
-13
-1836
1903
-2249
552
614
-1120
1219
-765
183
-378
792
-777
51
1172
-2118
1077
-398
-1655
1646
-1447
-1196
1610
-1610
-389
960
-1779
580
396
-1595
1327
553
-955
487
1527
-1677
1048
1206
-1928
2950
-1390
-256
2031
-1734
780
254
-653
132
385
-381
-143
795
-1846
1077
-234
-1379
2251
-2452
1339
-299
-1042
1679
-1620
1022
-951
1633
-1425
270
2039
-3269
3120
-1515
-399
2309
-2454
1798
-485
-507
682
-799
899
-1520
1822
-1518
-59
1561
-2844
2615
-2106
713
864
-2154
1859
-1140
-387
1097
-956
19
503
-180
-7
550
568
-1650
1997
-919
-29
2099
-1946
1092
623
-1102
811
440
-1001
1033
-792
1204
-502
495
680
-1357
1964
-1323
1383
-183
0
733
-289
133
196
-25
-206
309
-1103
1835
-2249
1447
-537
-1197
1352
-2089
1303
-1659
1053
-846
-133
558
-1004
170
-221
-77
-210
443
-565
370
-288
492
-946
1385
-1616
433
1047
-1566
2536
-1647
1032
110
49
182
617
346
-790
1747
-1700
1889
-712
-674
1379
-1685
927
-256
-610
467
-468
-669
792
-948
704
-328
-95
611
-665
810
-699
1058
-1065
826
-263
-466
1419
-1427
999
-91
-890
812
-839
-190
551
-1483
1009
-1169
585
-552
-400
643
-1593
1530
-1330
1241
-714
786
-336
-70
1042
-1269
1406
-731
734
-586
692
-97
-360
307
-396
-32
250
-698
714
-271
-591
424
-704
536
-961
1200
-1261
1403
-303
-338
1257
-1182
1092
-323
355
381
285
-142
673
-312
6
-263
-198
-8
-400
59
-82
-385
-539
770
-1614
843
-479
-611
943
-1096
690
-624
610
-1027
663
-379
-610
1430
-1466
1057
-78
-164
12
752
-520
439
410
-748
1219
-624
301
470
-305
-52
584
-447
457
509
-433
795
83
-282
1143
-710
398
267
-958
1268
-875
971
-814
680
-486
-782
1044
-1594
1087
-1259
751
-734
16
86
-939
618
-801
-28
292
267
-415
1074
-1041
919
-252
-136
717
-277
398
-441
287
-251
82
-612
559
-534
-110
224
-342
130
-355
-159
181
-268
212
112
-225
355
-277
480
-405
555
-108
110
279
-165
513
-408
716
-114
-178
507
-612
-41
85
-532
-122
-79
-181
-408
828
-1121
407
17
-798
997
-672
897
-108
166
44
26
231
50
-3
442
-749
953
-514
-513
1716
-2740
2188
-1411
201
921
-1639
1102
-1197
603
-1163
1285
-650
-596
1703
-1723
886
1000
-1754
1226
504
-1636
2303
-911
-107
1407
-1652
789
228
-444
-134
883
-1096
513
208
-1282
1635
-1542
409
-138
-406
100
-62
-171
-120
350
-999
891
-702
301
-65
-201
460
-262
-64
275
-115
-261
515
-818
645
93
-839
1199
-881
-58
784
-963
1041
-209
75
241
455
-291
694
41
-305
1240
-781
735
476
-53
-441
1192
-1131
556
500
-1081
1206
-1068
506
-553
459
-790
-213
923
-2012
1773
-838
-486
1006
-763
262
-148
628
-711
332
76
-87
-389
736
-1031
552
72
-1369
1956
-2303
1424
-1299
435
-570
-531
683
-1771
1713
-1704
702
-539
249
-855
1231
-1557
1215
225
-1579
3127
-2591
2367
-1738
1870
-1656
1219
584
-2269
4134
-4052
2929
-943
-356
457
87
-316
-111
1732
-2502
2694
-1513
854
-314
590
-25
-56
1503
-1895
2659
-2230
1658
-614
-167
1181
-1768
2050
-1559
1010
-649
-88
148
-986
1096
-1214
682
149
-1321
1410
-780
-785
1197
-982
106
414
-497
-154
615
-991
387
98
-837
540
-391
153
-316
37
-336
354
-684
623
-257
-673
1118
-1233
-81
1062
-1372
97
1510
-2844
2660
-1070
-865
1723
-1515
248
404
246
-1390
2454
-2324
1121
504
-1051
950
-165
23
-175
1054
-1528
2210
-2155
1818
-771
56
1545
-1850
2398
-1268
1112
-842
1513
-1134
756
946
-1714
2326
-1199
-217
1237
-865
-438
1116
-837
387
177
92
-943
1388
-1368
186
980
-1808
1663
-1442
1059
-898
317
-141
-1008
1346
-1761
1155
-228
-1056
1307
-1385
600
-143
-330
421
-557
468
-666
410
-381
-267
5
-222
-622
835
-1155
193
344
-1259
946
-566
404
-736
862
-903
274
899
-1584
1536
-746
-310
1163
-1218
733
159
-1451
1625
-955
229
494
-620
747
-362
579
-662
1059
-488
-161
1501
-1365
1378
227
-908
1754
-952
275
630
-363
516
-222
254
132
428
-456
563
-601
360
40
-535
842
-1020
318
-396
366
-746
526
-569
-444
1220
-2196
2020
-1462
271
267
-615
530
-595
616
-1538
2129
-2274
1113
-154
-621
578
-651
633
-1319
1608
-2093
1582
-736
-419
933
-1196
899
-412
158
-227
441
-303
180
117
139
-24
31
-96
124
297
-395
711
-595
940
-600
529
491
-1127
1720
-1623
1487
-204
177
689
-669
1712
-2221
2327
-1275
-366
2588
-3671
3583
-1407
-1173
3047
-3576
2353
-1118
175
256
-354
1062
-2097
2820
-3247
2160
-152
-2384
3865
-3604
1760
205
-1582
1324
-752
-264
101
517
-1254
1225
-414
-1176
1635
-1470
357
557
-1452
1388
-1129
48
364
-590
184
-646
1125
-1564
1136
-442
-320
836
-890
1257
-1343
1528
-594
-552
2029
-2321
1666
-101
-1174
1676
-1113
195
-519
1468
-2314
1699
6
-2147
2735
-2268
997
-458
529
-1187
1093
-471
74
168
35
53
-866
2076
-2855
3119
-1934
633
291
-119
177
-312
1231
-1994
2738
-2188
1284
8
-805
814
-633
348
-337
6
-132
2
261
-899
526
22
-1296
1976
-2103
1793
-961
-104
1093
-1580
1879
-1813
1470
-818
326
551
-438
40
368
-407
-532
1471
-1672
1135
-596
78
172
129
-598
266
501
-1889
2160
-1119
-245
1338
-1385
602
495
-713
139
1128
-1455
1257
358
-1340
2396
-2026
1308
-405
534
-358
-2
1428
-2076
2377
-2349
1862
-918
-405
1038
-1156
592
116
-454
-168
1158
-2441
2444
-1753
1021
-466
204
42
-366
1465
-3199
3771
-2979
1031
249
-637
180
157
77
-1533
2678
-2997
1553
119
-870
398
646
-1514
1348
-186
-1368
1913
-1556
988
-799
1233
-1602
1355
-751
-492
1351
-1424
1037
-562
734
-998
1245
-894
302
388
-543
376
266
-165
-163
634
-883
342
372
-417
-105
1322
-2324
2076
-669
-988
1605
-1345
271
211
-96
-881
1494
-1694
249
811
-964
-72
940
-1378
325
454
-1314
1140
-667
14
-64
552
-897
1067
-1093
474
-319
58
250
-733
1159
-1561
1339
-1382
962
-747
52
78
-52
-49
165
-129
-90
782
-1508
2179
-2243
2177
-1122
387
579
-367
924
-879
1814
-1663
1656
-1079
972
-541
655
-541
480
317
-1248
2084
-2357
1863
-1360
736
-658
330
348
-1349
1786
-1629
854
-166
27
-249
788
-908
704
26
-459
709
-629
701
-909
1191
-1197
865
-454
-106
415
-522
514
-737
1232
-1584
1632
-935
149
552
-570
238
25
691
-1879
3342
-3016
1765
210
-1381
1537
-1629
1827
-2626
3173
-2644
1088
1044
-2859
3135
-2512
1076
-476
529
-406
-42
1109
-2042
1913
-1111
144
345
26
-329
411
281
-1100
1720
-1786
1268
-558
81
144
-371
407
-1001
1042
-1188
925
-456
-75
559
-998
598
-221
-573
908
-742
588
-388
562
-352
60
530
-1236
1497
-1000
494
-292
814
-1713
1398
-897
-234
1071
-1894
1757
-1763
1271
-1546
1404
-861
-295
1153
-1535
1641
-1091
240
386
-361
149
580
-535
663
-257
-216
381
-402
298
-217
205
-478
486
-517
-247
803
-1036
302
-33
172
-511
359
-88
-736
1303
-1494
1045
237
-850
1177
-799
677
-357
397
-131
22
600
-1246
1719
-1547
717
27
-835
802
-583
322
-642
1034
-1231
1030
-726
327
284
-674
894
-666
702
-679
1185
-1192
1459
-877
207
892
-1700
2195
-1979
1379
-572
-129
254
-222
552
-1077
1364
-1325
959
-310
-194
923
-1083
757
128
-51
439
-93
384
-540
842
-321
219
880
-1634
1741
-1302
488
455
-1014
715
-455
220
85
-141
19
-214
-406
787
-1264
1738
-1908
1190
-356
-902
1562
-2280
2617
-2883
2120
-1169
323
141
-830
1131
-2057
2602
-2574
1896
-932
-166
428
-526
186
-327
579
-1092
1140
-721
-106
58
274
-896
1159
-802
-65
793
-815
8
661
-789
-349
1013
-1345
972
-596
252
-891
1093
-893
281
714
-1250
771
-8
-173
-88
1370
-2174
2229
-1285
710
-84
76
10
-954
2168
-2781
2703
-1716
329
101
-231
-213
229
294
-1232
1715
-1658
1446
-690
241
-459
1030
-1125
551
893
-1482
1904
-1617
1387
-715
459
-122
3
387
-855
1154
-650
-115
957
-1316
687
-28
-579
924
-1223
1440
-1774
2001
-1790
664
969
-2488
2754
-2049
1190
-265
194
-426
527
-288
-368
951
-929
494
-108
138
-684
1728
-2096
1270
227
-1423
1761
-1360
1202
-977
922
-474
220
494
-1131
1599
-1310
843
-70
-37
260
-62
89
-113
310
-579
462
-3
-54
74
395
-813
624
204
-849
1152
-822
-45
863
-981
869
-338
-332
-15
284
-15
-680
1284
-1766
967
-72
-639
819
-800
32
-82
60
-146
48
-158
-188
-11
247
-306
475
-551
155
-323
298
47
-597
613
-403
-353
609
-271
-341
791
-1228
807
-229
-140
-315
531
-342
-609
1151
-912
437
112
-364
126
423
-316
292
42
386
-748
780
-177
-523
1263
-1411
1131
-283
-208
612
-880
951
-879
379
-49
-486
1182
-1674
1382
-598
-212
672
-961
1139
-993
717
-813
865
-432
-477
1198
-1522
973
-259
-182
13
709
-1255
833
58
-851
1025
-609
-36
342
7
-610
1592
-1698
1337
-412
-256
538
-246
276
-396
1142
-1912
2619
-1915
445
1136
-1933
1650
-600
63
167
515
-753
434
212
-445
324
-101
-169
350
-48
-190
590
-361
131
-318
457
-340
83
60
11
103
-399
672
-1069
1167
-997
-34
729
-1170
1066
-943
955
-883
248
41
-421
867
-1368
1394
-1303
823
-147
-379
827
-846
395
-309
200
-182
161
-672
625
-492
200
8
-91
178
-524
329
-372
554
-650
351
-72
-365
796
-903
413
265
-808
496
-82
-53
-97
529
-1195
1230
-489
-536
1128
-1206
835
-706
615
-763
1163
-993
87
1048
-1625
1310
-790
65
72
239
-656
802
-46
-953
1468
-972
-40
862
-1010
259
868
-1017
334
572
-884
344
455
-549
157
581
-880
422
773
-1251
966
-76
-567
847
-572
535
-313
589
-816
535
495
-1145
1331
-964
192
274
-268
-99
853
-1093
617
1
-86
57
160
-43
-570
1609
-2252
2537
-1811
724
402
-1080
1500
-1434
1545
-1439
1139
-591
-29
639
-1055
862
-525
237
197
-758
1116
-942
57
969
-1754
1469
-868
-141
542
-439
34
-440
1125
-1836
1681
-518
-1293
2434
-2277
1176
43
-602
788
-1022
915
-800
429
131
-732
998
-1056
759
-404
100
284
-888
1102
-1172
1008
-404
58
142
125
-206
95
403
-859
1167
-1224
970
-511
383
-67
-326
667
-993
854
-669
854
-887
501
463
-1203
1601
-1434
747
206
-1151
1159
-406
-197
253
166
-676
493
98
-1077
1285
-612
-777
1481
-1109
311
727
-1544
1318
-468
-548
933
-771
635
-857
1020
-727
146
302
-983
1337
-1441
1310
-871
325
321
-674
654
-515
167
-248
224
-319
344
-126
-437
595
-560
126
367
-790
1061
-1106
1001
-432
160
143
-195
362
-636
1448
-1563
1287
-567
66
83
92
-233
51
308
-850
911
-449
55
234
-44
-477
667
-363
163
-109
539
-819
670
63
-318
916
-884
494
-227
522
-850
1107
-670
131
320
-260
392
-106
0
-537
818
-1006
1087
-988
719
-245
-391
226
-9
65
-713
1135
-1683
1931
-1180
276
440
-610
183
-476
1118
-1635
1712
-972
-190
1163
-1199
595
-235
-33
-97
108
-78
-109
702
-1013
461
199
-448
-10
241
-180
-344
881
-1194
751
109
-883
547
-12
-453
282
259
-569
661
56
-1127
880
-3
-955
1102
-413
43
303
-104
-109
318
3
-978
869
-235
119
-6
79
-71
-353
405
-650
713
-185
-673
618
108
-442
427
-428
110
-157
-62
190
-37
155
-423
657
-642
838
-521
-44
674
-1095
930
-207
-406
616
-69
-799
841
109
-1030
786
54
-984
840
-210
-484
960
-732
61
311
33
-647
750
-383
-98
377
-835
1126
-865
917
-1076
1061
-243
-773
1586
-1625
1651
-1458
1088
-324
92
283
-725
1079
-1164
1293
-1197
1179
-520
-93
245
2
-315
294
-19
-676
1527
-1718
1578
-926
503
-375
354
-207
-362
1457
-2319
2497
-1779
612
454
-1306
1350
-1010
970
-1231
1384
-931
77
660
-1317
1680
-1472
1017
-454
346
225
-748
982
-795
245
178
-397
342
60
-693
824
-526
159
25
-450
446
-518
403
-281
232
15
-568
772
-744
499
68
-994
1390
-1000
-12
931
-1090
580
31
-694
886
-408
-170
243
-37
-442
442
-25
-783
1345
-1400
766
-169
-227
174
-338
367
-810
1477
-1882
1570
-489
-665
1368
-1653
1271
-674
500
-390
365
238
-869
927
-551
212
-98
-132
174
51
-4
-248
567
-491
-214
817
-797
457
44
-195
-422
718
-410
-567
1493
-1578
716
340
-608
33
855
-1093
48
1035
-1057
752
89
-510
292
650
-1394
1346
-484
-9
-166
459
145
-1011
1894
-2417
1942
-1139
47
691
-1084
1560
-2101
2187
-1403
171
739
-1567
1786
-1741
1316
-402
-412
870
-1104
1291
-1171
896
-504
131
543
-1097
1423
-1007
422
148
-120
75
-91
592
-740
605
53
-580
676
-433
34
370
-476
208
13
223
-329
44
469
-727
381
57
-253
243
-259
426
-740
688
-68
-726
1204
-1197
869
-314
-1
32
-109
430
-1138
1711
-1606
930
94
-701
854
-743
435
-529
666
-794
641
-505
-106
510
-663
382
-301
-44
-26
509
-1045
1042
-754
-115
669
-1145
1247
-597
-187
-21
742
-742
29
591
-1153
1198
-655
-192
1188
-1116
125
650
-758
561
145
-651
-59
1144
-1138
280
737
-1443
1367
-868
-28
624
-362
-241
112
584
-840
623
-361
-423
941
-821
-113
845
-726
449
-296
130
93
-396
397
-870
1340
-953
121
761
-821
686
-535
341
-131
-33
280
-379
635
-218
-452
740
-706
459
-31
-319
439
-252
107
-255
539
-371
-60
184
-105
288
-271
-196
765
-666
128
343
-185
-21
26
61
-189
898
-1212
1024
-459
233
-162
105
551
-1237
1741
-1647
1205
-249
-503
580
-400
384
-483
678
-583
118
219
-128
-339
522
-612
526
-434
222
211
-691
860
-1029
934
-663
25
424
-506
359
-139
-13
-35
-81
334
-515
562
-160
-588
1146
-1077
660
-501
630
-421
-323
1180
-1567
1256
-721
20
286
-141
143
-367
793
-1050
726
67
-897
832
-56
-837
813
-98
-238
374
-610
388
55
-15
-675
1013
-183
-686
762
-104
-199
230
-326
-36
966
-1264
688
15
-150
-148
-71
254
-544
495
-461
134
368
-680
137
306
-652
640
-1002
949
-574
12
489
-654
498
-639
680
-937
913
-668
227
33
-170
306
-173
24
-395
947
-960
360
136
136
-316
205
-223
300
257
-888
800
-198
66
-305
324
198
-168
-97
-213
669
-258
-131
234
-44
309
-307
-98
866
-953
568
19
-274
811
-647
259
-197
612
-861
655
-122
-429
956
-945
667
-205
12
160
-225
-98
241
-35
-291
356
-58
-26
144
-289
229
316
-721
371
52
-84
275
-461
489
-44
-360
-13
427
-138
-222
52
-49
562
-496
93
55
-163
-56
6
-19
257
-199
-427
484
-55
-11
-390
167
102
-132
-76
-54
412
-509
-64
411
-232
56
-197
-117
522
-554
46
300
-411
148
-171
383
-608
328
218
-628
784
-783
369
229
-863
772
3
-469
343
-178
144
75
-226
-268
344
109
-579
619
-192
20
-46
-411
431
356
-774
-10
679
-275
273
-757
766
-55
-735
420
23
532
-785
304
70
113
-21
-445
409
-72
-264
341
-181
191
-84
-303
622
-753
962
-775
175
425
-494
654
-784
776
-448
355
-157
-255
818
-779
454
-42
59
-59
-167
583
-435
191
-55
-28
-155
133
51
-139
237
-403
577
-376
89
67
-282
-84
164
152
-438
616
-353
5
-79
250
-53
-225
-51
104
261
-649
806
-559
209
-29
-97
209
-234
158
-355
622
-507
481
-324
75
106
-58
-74
-88
508
-703
787
-768
567
-43
-495
323
78
42
-587
889
-727
551
-292
-250
453
-98
-47
-7
261
-366
481
-629
374
-12
255
-509
126
658
-652
441
-769
766
-182
-332
218
75
329
-767
386
62
163
-361
-123
342
-137
47
-373
465
-263
141
-77
-80
579
-926
418
92
-310
224
-142
36
-71
90
-223
-103
47
-148
258
-241
-255
544
-515
-63
324
-240
53
-45
-54
146
55
-507
240
212
-211
20
42
235
-191
-96
117
250
-206
-53
207
75
188
-327
220
64
-76
-9
70
39
-49
-8
-37
236
-268
-10
-8
58
85
-202
62
-156
215
15
-339
418
-200
113
-251
-45
414
-404
143
-205
505
-166
-147
205
-73
281
-397
244
108
-79
101
-40
22
137
16
40
-42
14
-21
-5
98
-257
538
-200
-86
-5
49
439
-591
97
-77
294
-8
-424
100
673
-500
-374
502
-170
530
-662
101
194
269
-350
-49
647
-644
608
-480
-101
563
-269
-72
-329
324
332
-559
-38
200
42
-125
-450
249
511
-304
-602
256
227
-380
76
-56
-2
339
-663
-16
455
-333
-243
-165
263
297
-131
-174
295
-115
-242
119
-155
360
-263
-104
269
-30
88
-44
-52
-10
327
-433
164
246
-219
-146
155
265
-187
-30
-179
468
-519
-30
256
-278
418
-480
269
97
-328
91
-11
40
-455
283
21
-53
285
-432
436
156
-236
113
-135
-284
-224
170
-184
160
218
-80
297
28
-45
311
-91
-228
228
-151
337
95
-372
8
-417
236
295
-189
-160
453
10
-338
646
-328
25
110
-426
420
117
-129
-130
-42
277
121
-11
253
240
25
-150
65
136
-22
-262
-79
350
-288
114
10
-451
599
-356
-224
58
-155
398
-574
46
-42
-5
-239
-87
283
-296
108
-522
433
38
-116
11
-2
167
-290
339
-30
254
-410
38
197
15
-15
-189
267
-183
276
-66
188
-31
-313
-238
-6
308
-186
-63
130
154
-63
130
-181
-17
3
-121
-14
220
191
-385
307
-37
14
194
-192
63
51
149
-213
-42
32
112
53
-219
239
10
-108
8
5
186
-79
16
163
-78
48
-117
-98
-156
-10
123
-30
85
111
97
-246
18
65
-94
64
-115
-39
-94
-36
83
-76
-31
-172
139
4
-89
146
-262
23
77
17
143
-1
-123
-190
-93
-56
24
-94
46
182
-44
298
-100
24
84
-327
165
-83
99
0
68
-163
-143
261
-198
318
-168
-127
328
-104
21
126
-13
-45
0
-118
99
-186
-135
172
-74
141
164
26
220
79
-87
70
-94
-3
43
-56
-67
-38
31
-11
135
18
-6
-87
94
80
-44
61
-64
-46
-8
22
-51
127
-85
-100
58
-10
112
128
-157
96
91
-119
8
-34
70
-24
102
-310
286
16
-160
240
-229
270
-132
28
-8
-32
-139
-247
19
-332
188
-190
-13
223
-195
30
-75
47
-22
-13
-168
20
114
-23
116
-12
1
-59
17
-51
76
-25
18
100
-39
165
0
-12
-86
-112
-66
-95
109
51
-29
95
-1
-52
83
17
14
-19
-54
-49
-41
124
-56
24
-96
1
125
-38
94
-223
135
-101
28
45
28
154
-246
228
-108
62
-38
-93
24
-82
49
-22
113
-21
-62
65
66
-44
116
-46
109
7
-45
69
39
44
-45
187
-111
206
-77
-102
167
-127
113
-151
88
-11
26
53
-72
-5
-62
-55
-124
143
-91
-24
64
165
-6
23
-45
-129
156
-183
-49
37
23
28
96
27
10
16
-99
-19
-68
-22
-26
-77
-2
59
-25
-54
-44
-48
-34
-116
-48
47
-59
19
4
42
35
-100
50
-21
-6
-37
-4
1
0
113
19
80
-16
74
-25
12
-22
5
76
-14
157
-96
128
-25
-23
35
-118
35
-66
99
2
57
27
44
12
-73
63
-87
51
17
11
80
33
38
15
24
-2
-18
14
27
-68
56
-58
27
-17
-50
19
-133
52
-54
7
-83
-41
30
-87
38
-79
3
-46
-101
-17
-34
-6
-62
46
4
11
40
-81
36
-66
-86
19
-39
-1
7
-9
2
78
-14
-57
33
-11
2
-15
36
38
62
-11
-51
86
-49
-40
63
-17
5
17
60
71
27
33
-22
94
-30
6
25
-28
80
-62
24
-2
19
-21
-45
1
-49
10
-35
40
46
2
45
46
30
25
-49
-8
47
30
69
0
95
31
55
15
-51
38
-77
-21
-25
66
-21
48
47
-77
44
-35
-38
11
-38
-21
5
-24
27
-41
33
-87
-20
-30
-99
21
-67
67
-18
11
24
-8
30
25
-20
-38
28
42
8
5
25
-11
27
-23
-2
-16
-7
-35
-13
26
-71
18
-49
-40
-37
-82
5
-59
-15
-27
-20
34
-17
-23
-39
21
-16
-33
-6
-35
43
12
-12
3
13
13
-47
51
9
-34
13
13
7
18
-23
-13
39
-48
-11
26
7
-4
35
-53
33
51
-75
18
38
-24
5
45
-22
34
5
-26
-7
4
-21
3
47
-6
-7
18
16
8
44
-10
20
44
-3
-5
49
6
-1
28
2
54
12
14
40
25
-28
-7
7
22
1
-2
64
5
6
-32
27
-6
-26
-13
-24
9
-31
17
14
8
-23
12
-9
4
17
-6
-37
1
-11
-29
31
-25
12
-31
5
-34
41
0
-20
76
-17
22
-11
3
-25
28
-25
-18
13
-39
-2
1
-14
-27
8
-14
6
-17
31
-5
21
2
3
45
-24
16
18
29
-21
44
0
-10
7
-24
39
2
-17
6
11
-17
29
15
-4
-1
11
-4
-11
-14
-33
-3
-41
-8
8
5
-28
2
32
-5
3
-17
17
-25
-22
-30
-28
7
-18
-16
-18
-23
-41
-19
-13
-7
-26
8
-34
-27
6
-50
-36
-18
-38
-39
6
-11
29
-5
-31
-2
12
-27
-24
-5
9
11
-12
45
16
10
1
-3
-14
-11
-9
24
30
-9
20
8
19
16
10
34
10
13
40
39
41
16
49
34
29
47
14
37
21
16
31
39
39
35
24
8
22
21
-13
-3
-8
9
-3
-30
26
-23
-5
13
-8
19
-41
3
-9
-27
-5
-17
25
4
-26
-16
-19
-35
-15
-13
18
-6
-15
-10
-13
12
-33
3
2
5
-5
-18
1
-12
-1
-38
-20
-7
-23
-19
-7
-1
23
4
3
5
-8
-2
-31
4
-5
-15
-3
11
7
-16
-11
11
9
2
-2
18
24
-11
15
53
32
-4
10
11
30
-8
-5
2
-2
0
-12
8
12
-10
-31
18
-31
12
-19
-20
-8
-34
-28
-46
-3
-38
-11
-48
-9
-38
-40
-13
-8
15
-49
-17
-48
-26
-38
-17
9
-6
-8
-14
7
5
14
8
28
16
19
-7
25
6
3
29
-2
32
10
27
23
40
27
8
37
34
0
0
38
11
30
22
28
31
16
7
30
29
11
12
-4
27
-6
30
-6
-14
0
-40
-9
-12
-5
-22
-38
-21
-19
-37
-19
-6
-3
-16
-19
-5
-1
-9
-2
0
11
5
-19
12
34
-7
9
18
2
19
-17
26
7
29
13
11
38
7
50
17
29
2
4
7
-13
-10
-11
-12
-28
5
-41
-27
11
-8
5
3
6
-8
-7
-8
14
19
7
-1
-22
-22
-28
-33
2
-13
-13
6
-36
-2
-17
-11
14
17
9
34
20
24
21
12
46
-13
32
-5
5
-3
-2
2
5
3
8
5
-19
25
-40
6
-21
4
-6
-8
-7
-23
6
-41
-2
-10
-9
-20
-6
-25
-8
10
-25
2
-8
-6
-24
-37
-18
-39
-3
-4
-9
5
-17
19
-9
3
1
6
5
-10
7
-6
11
6
6
6
30
-6
-1
19
-1
27
3
2
18
9
12
3
15
10
-14
16
-3
-1
11
-10
0
-11
-10
-26
-9
-9
-21
-16
-10
-8
-16
8
-5
23
7
-3
10
5
20
-14
-11
-8
-5
-11
1
1
9
10
-5
6
-2
18
26
26
8
36
17
10
25
10
33
-10
0
10
0
12
3
12
11
-14
14
-4
-16
20
-26
4
8
4
13
8
21
7
26
0
18
16
8
29
13
29
4
27
22
-5
14
-14
-5
-15
-8
-9
-17
-8
-19
4
-14
-19
-9
2
-34
-26
-12
-40
-13
-30
-18
-5
-10
-10
-9
-27
-8
3
-7
-15
-15
-15
-15
-4
-13
-8
-32
-13
-21
-8
-12
-15
-5
-14
7
-12
-9
-34
3
11
-9
-7
-18
-1
2
3
-13
-12
-14
7
26
11
13
33
25
16
13
3
15
24
19
13
12
-9
1
7
0
18
2
9
10
9
23
-18
-8
23
-6
-7
-17
-6
6
-14
2
-19
-19
-12
-17
0
-11
-12
-9
-11
-24
-8
0
0
2
13
6
-11
21
10
24
23
9
9
11
6
-10
-7
-26
22
15
5
19
-9
17
18
13
0
4
1
-8
24
13
3
3
4
8
13
1
0
11
9
28
23
11
2
-1
5
29
22
17
9
4
19
0
20
0
-10
7
16
11
16
20
3
20
2
2
-9
-15
-8
-10
3
-2
-16
-16
-4
-12
7
-9
-25
-28
-14
-12
-13
-21
-28
-7
-16
-1
-15
-21
-10
-1
22
15
0
-10
-8
3
0
2
-2
-14
-12
-11
-11
10
3
2
-13
0
3
-28
8
-19
-5
-5
9
13
-6
6
-11
11
-29
-7
-22
-16
-4
-32
25
5
10
9
-9
-6
4
10
-5
1
-3
4
-2
0
0
-6
-15
-32
-28
-23
-32
-5
-12
-1
2
-9
6
-20
7
-10
-2
9
5
2
-1
14
5
27
4
10
-4
-5
2
-19
13
-7
9
-2
-7
4
4
35
13
35
28
16
13
7
8
16
14
-6
26
18
12
15
9
-2
-12
-15
-15
5
5
7
15
-3
0
15
17
28
34
13
7
19
-10
2
5
-5
8
-7
-5
-3
12
13
7
16
-5
10
29
18
21
-1
-4
-12
-3
8
-6
16
-9
1
6
-1
11
-6
8
-21
-6
-35
-38
-3
-29
13
-12
-9
-35
-44
3
-11
12
-5
-1
-6
-4
-10
-13
6
-16
0
-18
-8
-21
-17
7
-10
2
-1
4
-10
9
22
6
1
-1
-11
-12
1
-6
-11
0
-14
-16
-16
-39
-18
-19
-8
-12
-7
-6
-37
-13
-20
-21
-14
-15
-22
-21
-19
-26
-6
-13
-6
2
-2
-8
-13
-10
1
-2
-7
-6
-19
7
-3
3
18
2
29
10
14
38
26
32
17
23
23
16
40
29
34
28
14
22
28
34
42
44
35
42
32
25
33
43
25
31
22
21
11
-1
12
-23
5
-7
10
9
-18
7
-37
-12
-15
2
5
-35
7
-23
-25
-26
-9
-17
-1
8
-23
-3
-29
-7
-4
-13
-14
6
1
-7
-5
3
-5
-14
26
-8
24
16
-9
11
-3
9
9
9
15
8
0
-2
-20
-32
-31
-11
-25
-13
-13
-20
-26
-11
-9
-12
13
-27
-11
3
-5
-11
-2
-4
-2
13
-8
-13
5
-10
-12
3
-10
0
-8
11
-7
16
3
-6
39
-3
9
5
-3
0
-1
10
10
11
4
-3
-11
2
-8
-14
-4
-18
-5
2
-8
-12
-20
-16
-3
-13
3
-4
-2
5
-7
7
11
26
9
3
9
14
-4
-1
1
-6
1
-12
11
6
14
-7
21
23
-6
17
-5
10
0
8
-8
10
29
1
16
-10
-13
-18
-10
-10
-21
-6
-22
-12
0
0
4
0
1
-6
-4
-11
-27
-28
-37
-2
0
-12
-8
-13
7
-11
-3
5
2
13
-7
-1
-13
-9
7
3
27
14
17
14
10
39
30
28
29
36
33
23
40
47
40
45
37
27
23
12
24
18
13
23
25
18
-1
-9
0
-3
12
-3
2
2
-16
12
-6
-8
-12
3
-7
-15
-3
-30
-15
-27
-36
-33
-31
-21
-10
4
4
-23
-25
-17
-13
7
-27
-18
-14
-25
-7
-6
2
-11
-11
-26
-14
-31
-33
-16
-25
-10
-30
-15
-24
-37
-17
-33
-37
-9
-34
-10
-9
-13
10
-20
8
-13
-14
-21
-35
-2
-8
-11
13
1
-20
5
-4
-5
4
-7
18
-4
-3
20
-2
21
16
9
3
5
30
23
28
38
26
17
17
19
34
36
28
25
17
0
7
4
14
29
29
27
13
7
14
19
31
21
29
40
13
9
15
18
9
22
21
10
17
1
8
1
4
2
-16
6
0
15
11
-4
2
-15
-12
-17
-24
-18
-24
-13
0
-29
-16
-21
-46
-19
-34
-14
-19
-29
-10
-42
-2
-8
-14
4
-9
7
-2
4
4
-6
2
12
4
13
25
25
19
32
38
45
47
29
25
19
23
24
12
6
1
-5
4
-3
10
-8
-8
5
-20
-6
-17
-11
-14
-20
-18
-26
-24
-39
-11
-21
-17
-12
-34
-28
-41
-28
-25
-22
-10
-20
-36
-16
-31
-10
-2
-19
7
-29
-6
-17
-18
6
1
12
-2
-4
-6
-3
-1
-1
4
3
0
3
0
14
11
15
9
11
1
-9
-6
1
8
7
-3
-24
-5
-19
10
8
2
10
-3
-5
-8
-4
-6
13
-5
4
6
1
8
-5
8
8
0
10
-9
9
3
2
22
-4
12
-9
-9
4
3
17
11
8
-3
7
5
15
12
24
33
2
23
9
13
35
25
29
16
18
28
14
33
46
31
55
25
26
30
22
29
14
25
11
3
9
-5
-6
12
1
11
7
1
2
-5
-13
-5
-3
-8
-7
-18
-9
-14
-9
0
-6
-28
-17
-21
-11
-14
-18
1
-34
-15
1
9
9
-5
-3
-17
-22
7
5
4
-1
-23
7
-13
-11
-23
-36
-20
-45
-22
-21
-32
-31
-24
-24
-19
-9
-29
-20
-42
-33
-30
-34
-4
-38
-24
-24
-39
-12
-15
-8
-1
-13
-19
-14
-20
-10
-1
-7
20
-3
10
8
0
1
-18
6
-23
11
-11
3
6
-5
14
-7
29
-4
24
22
1
20
6
9
4
16
8
0
15
16
12
16
12
10
15
10
14
16
26
26
14
37
27
23
30
12
10
8
6
15
23
16
16
19
14
19
11
18
19
1
21
11
13
15
7
17
13
6
0
-9
-14
-2
7
5
8
-11
2
3
1
31
11
7
12
11
10
12
16
23
23
24
6
5
10
-3
4
-23
-23
-9
0
-17
1
-1
-20
-3
-13
1
15
1
0
-8
-8
6
-7
-17
-21
-21
-4
-4
-4
9
-10
-13
-26
-23
-16
-10
1
-6
-12
-20
-13
0
-2
-2
-2
-11
-10
-14
-13
-6
5
-8
-11
-23
-24
-15
-13
-3
-9
-26
-25
-24
-16
-5
-22
-17
-20
-16
-19
-2
-3
-13
-6
-15
-18
-12
1
-8
-13
-22
-5
-5
-12
4
13
17
