SAMPLES:	10017
BITSPERSAMPLE:	16
CHANNELS:	1
SAMPLERATE:	16000
NORMALIZED:	FALSE
-24
-12
-31
-31
-23
-39
-26
-39
-27
-16
-15
-11
-18
-14
-28
-11
1
7
-11
-16
-11
-25
8
0
-3
-13
-8
2
-13
-18
-25
-14
-19
-8
-22
-17
-21
-26
-3
-24
-19
2
5
18
12
-8
-11
-9
2
-6
-4
-3
3
-6
-20
-28
-36
-25
-22
5
1
-2
2
-5
13
1
7
15
20
29
13
21
9
1
15
12
18
13
22
25
22
21
11
20
23
14
10
12
23
19
29
25
18
20
8
26
17
31
24
30
42
29
37
26
18
29
30
17
25
8
25
14
16
16
4
5
-4
19
10
0
-15
-1
-4
-5
3
-18
-12
-5
-3
-10
-15
-17
-25
-9
-4
-12
-8
-17
-6
-26
-3
-13
-25
2
-37
-19
-19
-6
4
10
-4
-20
-13
-14
10
-16
-3
-17
-13
-8
-21
-14
-17
-21
-17
-12
-18
-29
-30
-18
-26
4
-13
13
6
-13
8
-12
5
-3
-6
-11
-10
-11
-8
9
3
20
8
-1
7
8
27
20
24
13
11
29
7
0
19
18
-15
-3
-14
-6
-13
-26
1
-15
-3
-7
-10
4
-15
1
5
-10
-2
-15
-4
-10
0
0
-5
6
-11
-4
-5
-5
-3
-1
-12
-6
-6
1
-9
6
9
0
13
-23
0
-18
5
9
5
35
6
33
15
26
19
21
34
36
30
2
27
5
16
-2
13
32
5
16
-5
16
-5
-13
13
-6
10
12
20
27
11
22
10
15
-3
-3
1
-9
-9
-15
-16
-20
-2
-17
3
16
-7
9
-8
-11
-5
-13
16
10
11
10
7
11
-13
-13
-19
-21
-9
-3
-14
0
-6
-15
7
5
12
5
11
-4
14
19
5
1
-11
-8
-19
-11
-26
-15
-33
-24
-14
-20
-5
-13
0
-12
-22
-29
-10
-20
-16
10
-17
-4
-5
-14
5
1
8
8
-6
-3
-9
-5
-1
-10
-1
1
-16
5
11
12
27
8
12
7
19
34
21
21
2
3
-3
-14
5
-2
-11
0
-10
-24
-19
-23
-19
-17
-31
-22
-30
-29
-16
-25
-20
-17
-33
-26
-27
-29
-12
-24
-12
-28
-18
-11
-21
-8
-10
6
-6
7
0
9
29
24
41
23
32
16
34
33
22
32
27
49
36
56
48
51
36
34
31
19
48
17
47
32
21
37
20
36
8
13
14
13
14
13
0
7
20
-19
-3
-8
-11
3
-19
-3
-9
-25
-15
-23
3
-25
-26
-11
-22
-9
-13
3
-20
-2
-27
-19
-10
-28
0
-19
-5
-25
-10
-17
-34
-8
-10
-26
-23
-7
-13
-3
-24
-3
2
-3
7
0
-2
8
-9
6
3
-6
14
-15
7
-14
-12
-13
-26
-19
-16
-32
-15
-3
-19
9
4
27
9
3
0
6
9
20
19
4
13
-14
6
-13
14
11
-23
7
-10
9
-1
4
29
14
20
28
29
20
32
16
11
11
4
5
-5
30
18
20
14
-1
16
-7
4
10
21
1
-2
-4
-11
16
-18
1
-4
-12
6
-13
-7
-16
-9
-5
-1
-5
-21
-14
-12
-8
-12
-12
-14
-20
2
-19
-18
-14
-8
-30
-15
-2
-19
1
-35
-4
-18
-5
-10
-19
3
-13
4
-15
7
-12
-12
-17
-20
-5
-24
10
-1
11
19
10
30
12
21
17
20
13
-3
33
13
12
21
10
23
15
22
18
1
16
14
14
25
8
23
22
19
31
24
50
40
39
49
34
23
22
17
25
15
-3
19
-23
-5
-10
-24
-8
-13
-7
-17
32
7
11
4
-17
5
-25
-2
-27
-17
-31
-25
-12
-35
-16
-57
-33
-51
-50
-36
-52
-45
-42
-43
-42
-20
-27
-16
-39
-27
-13
-1
-2
-3
-2
-17
-2
-15
-24
-25
-24
-30
-27
-28
-17
-28
-13
-22
-13
9
-12
26
20
29
28
36
31
25
39
20
31
19
11
6
21
17
18
27
10
10
11
20
35
40
18
31
31
15
23
25
13
-3
5
13
11
9
5
9
8
-16
-4
-8
-19
-7
-14
8
12
7
19
0
7
14
2
17
-3
11
18
-2
21
5
10
6
-15
-2
-14
-20
-33
-36
-28
-32
-23
-7
-8
1
16
-6
21
11
-9
-35
-37
-10
-18
7
-3
-2
-22
-36
-23
-17
-25
-12
4
-10
3
-15
12
19
28
33
13
40
19
39
20
25
36
1
20
4
21
23
3
-3
-3
4
-4
-3
9
-1
-4
9
12
8
5
32
29
19
34
13
5
15
0
12
5
-2
-8
-15
-37
-40
-23
-25
-23
-23
-13
-26
-16
-6
2
-2
2
-3
11
25
9
19
2
-8
-17
-26
-36
-32
-18
-16
-32
-15
-10
-22
-1
0
9
-2
-1
-9
-11
9
-13
11
15
13
5
-1
-1
-23
-22
-15
-18
-2
-12
-32
-24
-27
-9
-18
19
14
-9
15
3
25
12
13
34
51
42
12
0
1
-4
-8
6
-9
3
-23
-39
-17
-19
-12
-21
-12
-3
-15
-7
15
17
14
7
17
27
5
11
6
11
-5
-12
-6
-19
13
-18
-3
-5
-14
9
-10
29
12
26
32
28
49
33
41
61
72
50
53
38
32
30
8
20
11
-4
7
5
8
5
-3
10
0
31
17
14
20
6
12
2
10
-1
-7
-18
-21
-24
-13
-36
-36
-28
-62
-43
-36
-24
-28
-30
-35
-38
-7
-24
-26
-8
-16
-5
-7
1
-7
-18
-33
-48
-20
-22
-19
-44
-40
-36
-36
-25
-29
-29
-30
-24
-15
-11
-12
17
-3
1
-12
-7
4
-2
-8
-33
-4
-31
-22
-29
-28
0
-21
-20
-32
-6
-2
9
32
19
10
17
35
40
59
44
30
46
36
42
29
2
28
12
18
29
-5
16
12
32
50
36
56
45
45
55
44
59
67
48
50
41
21
23
3
15
8
-9
6
-26
-1
-14
-7
-4
-25
-1
-14
-7
-7
-5
-16
-1
12
1
-3
-7
-12
-38
-12
-13
-38
-39
-57
-52
-35
-25
-50
-33
-41
-43
-21
-26
1
-25
-4
4
-15
10
17
14
11
-10
-8
-1
-32
-14
-11
-21
-8
-25
-6
-9
-26
-20
-4
7
2
7
20
-4
7
29
-7
18
-6
-9
8
-2
15
-16
-14
-20
-31
7
5
8
10
-18
13
22
36
19
38
36
30
51
29
63
34
27
22
17
19
-9
5
-8
-10
8
-2
-5
0
-5
0
8
17
20
26
24
21
9
18
4
13
27
-4
25
-6
-8
-3
-23
-8
-35
-35
-29
-24
-24
-21
-23
-20
7
0
-13
2
-5
5
-7
-23
0
-28
-8
-4
-21
-9
-22
-6
-25
-17
-21
-19
-10
-11
-22
-11
10
-28
7
-10
-5
11
-7
25
-2
-2
6
-11
8
-2
-8
1
-12
-4
-9
-24
-4
3
20
7
3
17
-6
27
11
29
29
17
39
1
14
16
9
24
6
-6
-11
-13
7
5
9
8
10
13
25
36
21
9
16
9
8
8
3
17
-17
9
6
11
5
-17
-1
-16
4
4
8
5
-1
6
2
-6
7
-7
-4
-1
-3
7
-2
19
-5
-22
-20
-26
-21
-22
-26
-19
-32
-30
-32
-44
-9
-31
-22
-12
-6
-9
-8
-6
-21
-9
0
21
-14
-9
-29
0
0
-4
9
-20
6
-11
11
11
17
15
25
29
1
11
-5
12
9
11
33
14
15
20
5
-21
-8
0
5
-13
-27
13
-19
-3
2
1
16
8
20
9
3
7
13
7
-3
-19
2
-6
-22
-7
1
-31
-22
-18
-24
9
1
20
-28
-5
-10
-28
51
-6
30
7
-20
23
7
48
-8
3
-11
4
32
2
27
-1
12
5
27
11
24
4
-9
43
31
31
12
-2
-8
0
14
29
17
-11
-33
4
-2
-10
5
-41
-37
-44
-29
10
-20
-24
-5
-10
-5
-1
4
-12
-18
-30
-19
6
-19
-17
-20
-6
-8
0
-14
-23
-4
-44
8
-7
-5
6
4
19
-25
-2
-8
60
49
31
29
-1
56
51
36
20
18
-18
12
36
-15
-4
-29
-12
43
47
27
49
11
-16
70
23
36
40
-22
18
48
21
16
28
-27
1
-2
-4
-1
-12
-20
-40
6
-38
3
-8
-64
-4
-62
-8
-1
-64
-30
-51
-43
-58
-17
-15
-35
-18
-44
-31
-32
-16
-38
16
-34
-50
16
-53
15
3
-41
-18
-1
13
5
8
-33
-22
-1
15
71
0
-58
-9
-22
18
50
-2
-20
-27
-7
21
44
17
-37
10
-1
18
61
9
7
18
32
50
58
23
27
14
-1
36
33
30
9
46
-18
3
48
13
74
-5
11
64
21
38
71
27
30
35
4
24
16
12
30
39
-50
-17
8
14
39
-7
-36
-13
29
-9
56
3
-43
-1
3
49
-7
-44
-63
-25
18
11
29
-27
-66
-50
-32
17
25
-109
-89
-33
-19
5
-13
-53
-96
-32
-43
42
-6
-97
-83
-61
0
26
-21
-80
-51
-81
45
26
-29
-39
-92
-36
10
63
-24
-36
-60
-66
66
11
6
-24
-79
10
42
41
-14
-42
-37
17
24
15
-8
-60
-33
25
78
11
-26
-45
23
64
20
34
2
-3
-5
56
37
18
-8
-55
43
16
-3
3
36
-13
-7
56
-6
58
-12
-24
61
36
43
38
19
68
41
43
123
74
63
38
59
94
129
67
50
70
12
163
135
85
25
10
107
112
83
39
81
-23
59
166
28
65
-36
-24
96
5
69
2
-49
-31
-50
13
2
-8
-155
-126
-84
-56
-8
-192
-127
-150
-168
-75
-46
-127
-220
-165
-206
42
-69
-235
-99
-272
-106
-12
-28
-80
-270
-136
-124
110
17
-181
-51
-240
76
69
25
-36
-219
25
-37
209
12
-87
-30
-182
172
89
17
-118
-106
-28
78
175
-155
5
-192
-90
146
-50
10
-234
-115
-102
94
25
-177
-14
-286
72
39
-1
3
-205
21
62
222
79
-7
46
74
250
221
224
198
192
260
339
459
300
311
388
335
432
454
464
405
377
334
491
546
334
368
345
289
319
377
242
242
140
28
281
104
60
20
-135
-42
-90
-158
-174
-182
-377
-374
-265
-373
-285
-512
-603
-399
-538
-484
-510
-593
-578
-570
-553
-485
-465
-529
-539
-461
-416
-462
-230
-397
-358
-246
-374
-111
-130
-132
-220
-126
-34
19
182
-78
-51
149
108
273
247
86
147
158
266
268
344
44
154
223
129
321
141
106
-23
168
-59
158
117
-117
38
-234
50
17
-33
-186
-204
-153
-164
32
-140
-141
-202
-282
68
117
-36
-79
-162
65
214
273
200
184
248
197
452
575
494
364
414
526
670
768
569
561
594
551
732
839
589
463
466
536
673
619
368
245
264
243
385
295
-65
-117
-74
-75
43
-243
-405
-424
-419
-355
-450
-498
-744
-672
-632
-503
-595
-826
-793
-766
-528
-599
-724
-776
-676
-640
-454
-431
-619
-539
-584
-295
-121
-286
-359
-312
-157
43
98
-84
-110
69
131
344
296
30
147
252
351
441
365
109
261
375
362
562
220
102
358
260
290
509
176
6
271
93
366
471
-87
54
115
78
252
212
-108
-159
78
-117
144
-75
-386
-119
-270
-336
-399
-228
-359
-319
-587
-833
-336
-481
-371
-680
-805
-771
-611
-283
-483
-496
-1030
-658
-217
-63
-29
-599
-406
-286
155
427
297
248
-102
188
693
1015
887
573
504
721
1283
1338
1182
1038
763
1095
1536
1524
1332
978
955
1248
1513
1279
1105
900
666
947
977
935
522
212
151
325
407
-122
-345
-553
-444
-371
-650
-962
-1204
-1084
-1030
-1062
-1258
-1532
-1672
-1455
-1169
-1177
-1596
-1806
-1504
-1037
-892
-1255
-1215
-1090
-878
-616
-507
-327
-552
-665
-170
197
387
30
-110
298
483
674
547
647
408
497
808
831
1018
545
478
751
830
871
768
575
541
492
601
738
658
356
89
322
413
500
151
-36
35
-132
102
88
-186
-319
-439
-310
2
-229
-640
-424
-249
-378
-225
-599
-425
-34
-512
-305
-178
-425
-292
-113
-346
-177
-276
-640
-206
-318
-399
-244
-766
-974
-440
-342
-371
-636
-1340
-1073
-497
-520
-310
-811
-1540
-987
-403
235
-174
-919
-1081
-184
643
240
448
-171
-77
568
933
1536
1226
597
464
1338
1981
2011
1702
1136
1208
1818
2086
2276
2036
1279
1332
1794
2110
2091
1501
1099
1155
1360
1365
1264
1004
395
339
410
442
360
-260
-506
-590
-760
-867
-843
-951
-1440
-1825
-1823
-1484
-1474
-1966
-2010
-2106
-2163
-1858
-1775
-1497
-1983
-2272
-1730
-1088
-925
-1459
-1343
-1154
-554
-408
-438
-79
-418
-234
158
568
656
299
166
601
978
839
805
717
646
711
922
1026
1030
600
386
872
949
831
645
480
535
531
510
541
590
232
32
343
378
230
40
-46
71
-20
-178
-10
34
-332
-514
-182
-18
-103
-353
-578
-273
-265
-284
-192
-251
-437
-634
-333
-162
-336
-547
-676
-601
-598
-874
-670
-520
-902
-1175
-1337
-1150
-775
-705
-1087
-1417
-1516
-1192
-463
-566
-1212
-1318
-1179
-371
289
-138
-491
-658
-179
916
1344
922
397
444
1119
1978
2290
1964
1620
1441
1828
2683
2877
2574
2044
1800
2152
2543
2707
2268
1746
1453
1640
2033
1861
1265
704
552
689
849
545
23
-439
-775
-627
-444
-671
-1140
-1609
-1785
-1665
-1638
-1756
-1936
-2123
-2293
-2292
-2061
-1951
-2085
-2154
-1984
-1656
-1616
-1732
-1425
-1142
-961
-822
-646
-348
-292
-219
219
568
484
435
601
933
1076
945
987
1168
1074
1028
1237
1210
1029
864
878
1126
953
554
647
682
633
519
476
498
268
173
112
325
241
-124
-23
-21
8
-93
-242
-99
-121
-273
-287
-192
-306
-423
-419
-324
-206
-388
-611
-382
-287
-532
-457
-584
-462
-453
-977
-642
-610
-887
-959
-1002
-825
-1103
-1340
-1466
-1181
-1330
-1715
-1383
-1370
-1499
-1779
-1874
-1354
-1220
-1344
-1282
-1208
-1058
-1069
-711
-319
-226
-240
15
663
821
726
814
1384
1920
2072
2072
2071
2180
2302
2736
3179
3133
2745
2484
2660
2999
2982
2726
2463
2246
2153
2059
1917
1612
1211
1081
1112
983
551
-46
-253
-218
-214
-345
-729
-1021
-1378
-1436
-1318
-1296
-1303
-1672
-1804
-1851
-1835
-1770
-1760
-1574
-1541
-1478
-1458
-1627
-1384
-994
-843
-629
-760
-714
-530
-443
18
243
145
-19
240
703
663
482
438
706
942
698
716
770
526
435
516
897
830
239
17
138
481
392
206
159
-195
-191
-55
174
174
-344
-460
-183
-98
-190
-401
-390
-273
-336
-373
-400
-373
-428
-405
-240
-192
-363
-551
-427
-152
-126
-281
-368
-328
-352
-390
-326
-294
-445
-775
-601
-427
-775
-1124
-1331
-965
-861
-1277
-1675
-1823
-1763
-1936
-1290
-1301
-1779
-1943
-2383
-1354
-955
-1290
-1056
-1105
-810
-396
-12
78
290
503
734
1863
1819
1453
1824
1789
2660
3234
2981
2952
2695
2542
3096
3606
3342
3086
2708
2475
2740
2661
2369
2232
1870
1631
1679
1357
938
695
415
381
527
129
-324
-595
-847
-730
-739
-850
-972
-1251
-1485
-1614
-1451
-1490
-1498
-1372
-1562
-1621
-1751
-1779
-1518
-1371
-1243
-1081
-1166
-1490
-1541
-1001
-497
-512
-741
-829
-564
-326
-217
117
-65
-430
-70
499
812
158
-340
68
729
999
579
422
56
8
489
807
1133
335
-292
74
497
752
403
164
71
72
120
341
390
-205
-351
-98
215
352
-184
-417
-344
-307
-45
33
-23
-481
-783
-483
-52
24
-359
-513
-452
-477
-357
-110
11
-616
-948
-359
-171
-117
-602
-824
-631
-987
-838
-430
-679
-1420
-1635
-1517
-1111
-1214
-1826
-1681
-1879
-1852
-1247
-914
-1206
-2034
-1962
-944
94
71
-431
-432
-340
557
1456
1920
1808
1092
1562
2324
3001
3200
2678
2673
2631
3039
3421
3254
2872
2279
2264
2592
2883
2514
1553
1031
1032
1336
1468
1128
577
-36
-320
-145
166
81
-360
-651
-837
-772
-659
-691
-730
-892
-946
-829
-761
-841
-1021
-1052
-1009
-840
-747
-779
-966
-1219
-1096
-1041
-986
-939
-924
-904
-859
-909
-1087
-980
-925
-196
-219
-871
-530
-624
92
175
-78
282
-467
-44
510
1073
602
-348
257
347
1202
605
155
401
-718
223
504
759
473
-1132
-715
-430
266
157
-409
-369
-1012
-383
-265
110
32
-980
-423
-258
435
391
-367
-251
-374
234
343
383
246
-333
-171
-87
531
331
-215
-165
-268
157
79
205
222
-228
-271
-84
365
-23
-195
-394
-561
-170
-464
-31
-263
-1470
-1924
-1430
-742
-817
-1408
-2452
-1618
-1293
-1338
-307
-1658
-2016
-1527
-386
1295
539
-563
-820
630
1474
2220
2668
1268
1606
1403
2339
3979
2687
2166
1473
1705
2744
2532
2189
1158
938
766
1229
1590
542
70
-614
-216
567
343
-27
-737
-976
-776
-119
544
477
8
-555
-294
365
629
654
603
366
208
497
680
686
204
-314
-140
-75
-132
-354
-794
-1125
-1384
-1215
-1046
-1049
-1286
-1756
-1890
-1901
-1561
-1091
-740
-1014
-1429
-835
-373
301
258
-207
351
140
783
1505
1099
475
-249
406
974
1145
252
-501
-325
-1010
-328
-273
-788
-1131
-2375
-1757
-966
-811
-1086
-1644
-1332
-1062
-399
-151
5
217
1
809
1470
1643
1473
925
1017
1548
2042
1865
1412
781
247
273
239
402
233
-359
-663
-652
-692
-873
-834
-1098
-1081
-730
-462
37
-226
-412
-44
211
524
625
566
476
417
594
1080
828
-90
-1145
-1527
-1069
-968
-703
-1091
-1549
-1765
-2143
-1478
-1741
-2053
-1964
-1470
69
177
46
-794
-921
232
1137
2804
2410
1908
1456
1078
2594
2832
3024
2244
1221
1559
1567
1911
1030
233
-215
-357
316
43
-101
-956
-1348
-714
-230
405
-41
-527
-712
-289
882
1601
1757
1192
807
812
1189
1858
2055
1893
1238
778
737
559
454
-6
-459
-683
-912
-901
-1134
-1562
-1905
-1963
-1681
-1297
-976
-1098
-1318
-1582
-1540
-874
-362
224
316
105
186
399
1144
998
705
437
276
1008
635
505
-177
-1148
-933
-1118
-905
-1609
-2266
-2397
-2496
-1941
-2182
-1894
-2271
-2543
-1740
-1677
-734
-505
-576
95
197
1006
1389
1480
1924
2116
2493
2384
2460
2262
1947
1912
1565
1728
1167
603
226
-435
-653
-1058
-1036
-1062
-1218
-1329
-1328
-1126
-1089
-705
-613
-555
-368
-56
708
900
991
1222
1462
1988
2118
2153
1755
1078
893
830
1128
1188
878
150
-1296
-2470
-3045
-3144
-3084
-3135
-2935
-2528
-2146
-2279
-2725
-3294
-3470
-2072
-338
1119
1511
566
284
512
1531
3026
3749
3488
2585
2140
2339
2947
2580
1630
837
32
388
500
19
-751
-2125
-2423
-1948
-1275
-690
-925
-1363
-1241
-305
644
1253
1212
924
1265
1919
3158
4127
3994
3216
2404
2153
2442
2766
2610
2082
1185
516
237
-163
-643
-1465
-2066
-2326
-2387
-2167
-2249
-2591
-3009
-3055
-2513
-1882
-1306
-982
-1070
-1183
-1071
-516
81
458
965
1123
1043
923
1065
1194
317
-274
-404
-273
-222
-1003
-1329
-2328
-3131
-2951
-2755
-2403
-3106
-3114
-2655
-2365
-1815
-1673
-995
-743
-270
679
1271
1930
2003
2416
2694
2894
3403
3258
3424
3119
2652
2479
1751
1605
1227
650
253
-599
-1018
-1518
-1618
-1675
-2061
-2274
-2475
-1848
-1613
-1305
-925
-1043
-570
-331
431
1228
1144
1332
1493
1843
2146
2420
2750
2504
2266
1878
1942
1926
1221
1106
473
-293
-533
-669
-295
-505
-1338
-3037
-5006
-5903
-5285
-3004
-2098
-2205
-2307
-2760
-1619
-1144
-1383
-1700
-1965
428
3443
4859
3554
1039
-240
417
3166
4688
4684
2812
363
711
1236
1631
815
-1608
-2508
-2202
-798
81
-1108
-2940
-3951
-2980
-782
1388
2011
976
261
563
2262
3605
3576
3353
2986
3503
4745
5352
4741
2562
453
-208
339
1284
1502
595
-1374
-3008
-3517
-3130
-2623
-2986
-3345
-3747
-3735
-2946
-2314
-1855
-2248
-2349
-1559
-433
946
1224
901
241
-168
758
1670
2281
2006
1059
500
-182
-255
-373
-871
-1528
-2017
-1469
-1571
-1903
-2615
-3691
-3433
-3543
-2532
-1130
-1393
-964
-1297
-1063
-203
-38
1148
2002
2619
2688
2724
2704
2585
2855
2282
2780
2683
2133
1979
644
497
-31
-686
-463
-773
-817
-1133
-1725
-2038
-1948
-1932
-1562
-873
-701
-8
323
589
1385
1320
1588
1937
2084
2617
2779
2760
2686
2358
1928
1840
1605
1237
1103
576
143
-117
-637
-860
-1121
-1547
-1447
-1414
-1670
-1629
-1690
-1625
-1144
-820
-502
-416
-1271
-2374
-2882
-3154
-2415
-1323
-892
-207
-415
-711
-757
-1471
-1625
-1230
151
1492
2104
1436
135
-279
-994
-11
1250
1755
1910
318
-94
-132
-216
-385
-1247
-1179
-938
89
562
216
-297
-1341
-819
199
1625
2755
2287
1887
1321
1405
1943
2113
2490
2441
2408
2623
2659
2187
914
-455
-1180
-764
179
927
954
-214
-1531
-2251
-2059
-1110
-506
-417
-614
-1013
-1189
-1039
-766
-639
-516
-276
313
994
1057
788
152
-356
32
718
1409
1533
948
134
-628
-667
-621
-860
-1651
-1891
-1330
-1726
-1983
-2548
-2957
-2902
-3492
-2634
-2096
-2262
-1822
-1561
-915
-1209
-1182
-348
632
1559
1502
1860
1548
1201
1299
1236
2003
1818
1666
1282
738
1047
273
133
46
50
740
524
637
269
-352
-459
-126
714
948
1073
876
1059
1336
1067
1405
1293
1134
1372
1668
2161
1872
1320
1083
756
587
566
785
539
-234
-404
-521
-525
-648
-807
-863
-1412
-1291
-938
-698
-962
-1336
-856
-652
105
778
758
455
-451
-960
-1681
-2207
-2199
-1609
-1103
-1330
-899
-1344
-1645
-2258
-3244
-2855
-2545
-1129
-107
-107
-527
-1270
-1214
-1183
-396
213
714
1236
817
1052
716
286
136
-244
157
395
881
1120
645
217
-121
146
538
1016
1675
1930
1732
1370
1407
1620
1804
2097
2409
2635
2661
2539
2322
1741
1030
980
1350
1827
2138
1847
1147
163
-466
-443
-192
-164
-484
-805
-1392
-1709
-1706
-1722
-1509
-1599
-1364
-897
-660
-481
-630
-892
-1011
-723
-182
318
455
255
-257
-986
-1359
-1157
-970
-1214
-1702
-1905
-1871
-2379
-2580
-2558
-2749
-2598
-2413
-1562
-952
-1352
-1225
-806
-335
336
918
1486
1860
1679
1686
2207
2157
2190
2289
2038
2136
1751
1160
979
565
419
490
340
377
255
-352
-596
-605
-598
-221
-158
239
728
682
879
957
1101
1142
1141
1634
2019
2133
1965
1932
1724
1160
1043
890
892
596
-73
-157
-645
-1137
-1415
-1785
-1719
-1735
-1631
-1530
-1493
-1340
-1291
-1074
-936
-437
107
39
335
539
515
215
-1177
-2128
-2735
-2957
-2200
-1864
-1701
-2178
-2685
-2595
-2911
-3330
-3994
-3568
-2068
-687
592
543
155
-359
-795
132
1062
2322
3017
2740
2714
2218
2045
1557
936
993
1102
1818
2026
1947
1361
249
139
153
1111
1896
1782
1756
970
909
1181
1418
1984
2069
2167
2030
2068
2160
1879
1448
848
901
1179
1410
1465
900
121
-682
-1034
-876
-739
-1051
-1532
-2057
-2313
-2261
-2157
-1794
-1994
-2088
-1904
-1532
-835
-775
-702
-771
-547
66
519
991
800
368
-135
-478
-307
-322
-717
-941
-1282
-1530
-1624
-2330
-2273
-2581
-3142
-2710
-2752
-1914
-1500
-1546
-1192
-1179
-656
-364
902
1329
1633
2223
1500
2631
2062
1835
2626
1656
2506
2079
1974
2032
1044
1066
359
948
831
938
1267
253
797
104
230
852
409
1217
875
1067
1125
578
890
525
917
1003
987
1244
726
561
-65
-344
-347
-387
-112
-512
-522
-981
-1794
-1762
-2037
-1785
-1408
-1404
-812
-925
-1414
-1250
-1114
-909
-528
-122
460
461
-479
-1718
-2697
-3280
-3154
-2203
-1673
-1270
-1371
-1923
-1977
-2934
-3184
-2907
-2499
-823
18
723
525
-268
-139
-356
268
1072
2195
2955
2488
2426
1873
1645
1061
600
1361
1443
1947
1937
1495
1334
482
513
648
886
1534
1627
1673
1451
1482
1648
1581
1577
1788
2289
2296
2333
2464
2078
1554
1056
1059
1271
1082
1031
1124
770
155
-259
-580
-931
-1410
-1739
-1597
-1711
-1876
-1898
-2070
-2055
-2198
-2075
-1739
-1592
-1261
-1181
-915
-726
-567
-54
18
214
154
65
283
51
-17
-434
-880
-1217
-1596
-1564
-1831
-1533
-1717
-2314
-2201
-2544
-2076
-1878
-1895
-924
-770
-355
290
731
822
732
1201
1477
2343
2233
2149
2508
1429
1604
1550
1293
1725
1122
1079
966
767
585
277
275
-154
184
201
227
532
-50
112
65
131
493
493
833
547
715
726
560
1055
769
851
704
267
303
-26
-305
-388
-443
-838
-891
-892
-1237
-1301
-1629
-1361
-1011
-1216
-930
-730
-591
-660
-650
-239
-71
-65
27
593
619
106
-561
-1188
-1343
-1867
-1813
-1587
-1954
-1916
-1964
-1953
-2382
-3362
-3241
-2807
-2334
-1414
-855
-472
-685
-802
-373
-136
254
933
2035
2499
2847
3114
2812
2763
2022
1942
2540
2622
3110
2857
2372
2129
1303
947
870
974
1115
952
829
691
483
7
-128
113
269
671
1039
1501
1585
1104
1054
1091
1241
1445
1568
2000
1774
1131
833
370
-102
-566
-772
-703
-968
-1272
-1321
-1498
-2050
-2404
-2205
-1895
-1683
-1492
-1275
-1022
-1230
-1303
-916
-630
-287
-165
27
171
-76
-187
-355
-432
-571
-880
-820
-1009
-955
-988
-1297
-1229
-1597
-1532
-1366
-1296
-926
-938
-633
-479
-235
4
-74
360
248
474
707
543
823
371
436
776
680
895
858
987
891
783
918
852
977
713
902
1065
776
924
764
814
814
657
742
548
357
131
168
94
-54
37
-177
-301
-465
-533
-600
-761
-825
-730
-574
-690
-586
-385
-427
-431
-457
-331
-163
-164
-71
64
185
243
512
509
361
231
122
221
125
235
126
27
-241
-791
-924
-1527
-1859
-1719
-1853
-1552
-1589
-1673
-1676
-2081
-2132
-1890
-1321
-1091
-701
-336
-329
33
-72
180
594
623
1150
1222
1194
1419
1139
1180
1015
986
1200
1133
1390
1241
1139
986
917
1119
1088
1251
1346
1463
1527
1615
1799
1754
1681
1581
1618
1811
1908
1985
2016
1688
1441
1230
1035
1047
553
377
169
-158
-275
-506
-650
-858
-1032
-1240
-1089
-1036
-854
-797
-939
-709
-780
-721
-542
-390
-225
-346
-441
-371
-412
-697
-804
-1019
-1278
-1340
-1668
-1564
-1580
-1973
-2104
-2134
-2117
-2131
-2002
-1920
-1632
-1417
-1262
-605
-468
-545
-282
-367
16
264
277
557
240
162
-40
103
116
-45
268
-107
142
216
170
332
-5
167
405
577
722
1161
1203
865
1267
1254
1374
1419
1306
1600
1523
1285
1483
1715
1073
930
610
309
892
111
145
491
-631
-180
-585
-438
-342
-905
-479
-717
-28
-802
-68
-444
-949
48
-708
125
22
-46
-82
-136
29
192
149
-194
-43
117
-103
-376
-328
-1227
-735
-972
-1470
-416
-1295
-1453
-1153
-1718
-1153
-1564
-1218
-945
-459
-522
-284
833
-672
723
-12
409
1206
281
1417
826
1286
695
780
466
599
406
256
1079
486
615
467
261
116
77
-119
952
476
851
1095
386
1205
254
715
866
968
1102
915
1298
965
829
289
541
502
48
660
713
223
228
-307
-49
-110
-457
230
3
-5
140
21
-48
276
-549
-105
375
-422
542
99
32
145
-386
-431
-133
-460
-1148
-216
-1121
-1300
-510
-1711
-1066
-900
-2125
-908
-1263
-1652
-474
-1367
-869
-618
-1120
-863
-313
-484
-638
154
-416
-345
236
-574
186
46
-829
723
-331
285
94
254
11
-188
435
-786
1496
-699
810
501
30
1262
-635
1313
-146
846
319
781
1212
-148
1114
-113
423
360
377
315
684
136
44
356
-398
430
-826
222
-403
198
-239
-386
522
-1182
458
-578
266
49
-95
719
121
403
505
610
-9
1325
217
288
1975
-996
1064
53
-1088
986
-1668
335
-735
-368
-1278
-295
-901
-2361
917
-2977
363
-367
-1769
1456
-1326
-104
561
-426
96
1108
111
-224
2609
-1149
883
1890
-1806
2385
-677
187
1398
-571
559
-460
1104
-1881
853
594
-2058
2877
-2410
1038
984
-1841
2074
-995
409
283
374
-399
1497
-826
227
526
-679
1102
-898
816
-1208
1333
-2357
1498
-328
-1697
2205
-2492
1536
-1106
213
590
-379
463
465
315
201
564
280
572
99
455
370
593
-338
546
-1047
168
-449
-714
635
-1225
-177
-841
-908
-289
-623
-1136
483
-720
-438
804
-762
-43
133
-421
325
1073
-587
629
292
-364
599
175
-635
709
2
-1022
1499
-892
-560
443
-515
-312
162
-242
-500
114
339
-747
1183
-689
-133
1436
-1960
2566
-1291
0
1141
-935
1212
-856
739
-132
-663
300
784
-1169
-66
168
-1497
1030
-1518
253
-423
-798
-391
-57
-13
-1849
2538
-3496
2529
-421
-1220
2732
-2277
2309
-661
1722
-525
1598
195
-201
2012
-1074
1256
176
-382
840
-137
-348
629
-1734
1872
-2612
1015
1015
-3467
3553
-2173
-145
1361
-987
277
354
725
-1481
2949
-1371
-592
3495
-4042
2731
-1
-2012
2976
-2390
1095
253
-1312
1401
-1647
1425
-1122
223
717
-1410
2097
-2065
1815
-895
542
-30
-703
1806
-2718
2347
-2023
31
730
-2740
1871
-2113
330
-1242
-161
-527
-1870
2118
-4514
3476
-2390
-955
2515
-2835
2287
-1386
1487
-1232
2250
-1224
1303
1519
-1975
3493
-1849
1730
306
153
211
375
744
-1232
1882
-1185
-486
1800
-3091
2960
-1619
-1114
2481
-2988
2541
-1754
1751
-1368
895
528
-1435
3348
-3410
2959
-930
-245
1589
-950
703
-520
1158
-2022
2188
-1376
-686
1929
-3120
2476
-1503
-406
814
-870
-188
28
455
-1582
1897
-1672
583
652
-1600
1668
-899
289
440
-361
391
-82
327
-661
862
-365
-715
1158
-1804
1552
-988
-1140
2149
-2770
1048
-235
-1166
888
-1474
822
-714
620
-428
120
729
-840
1137
122
-48
996
415
-675
2394
-2044
1848
-463
-675
2111
-3052
3050
-2752
1523
-1237
-697
1360
-3667
3587
-3964
2157
-600
-2238
3227
-3357
1849
-286
-816
1062
-690
590
-192
242
261
-1124
1857
-1486
951
485
-1498
2192
-2198
1462
-234
-459
961
-507
485
513
-473
823
226
-423
1401
-835
1062
72
140
111
566
-322
3
515
-780
760
-739
-310
465
-604
-681
979
-1323
-39
494
-1649
1098
-240
-1345
1768
-1066
-546
1872
-2381
1747
-291
-832
1328
-775
790
-811
1350
-1448
916
56
-1440
2216
-2156
961
236
-1106
963
-730
-190
603
-508
-43
355
-563
229
27
-239
501
-333
6
294
-256
292
-346
219
-208
33
197
-130
608
-615
727
-212
-232
1091
-1294
1415
-378
-388
1578
-1592
1725
-694
111
374
-305
635
-1193
2093
-1788
1196
-303
-671
1239
-1569
924
-444
136
-218
486
-435
123
-59
-624
122
91
-686
344
-238
-666
642
-1363
591
-678
-289
-86
60
-252
296
-473
-29
404
-781
888
-242
255
-22
738
-741
954
-573
-337
806
-629
293
38
39
-750
821
-1278
614
-307
-568
397
-141
424
-914
1363
-1112
548
218
-310
654
-236
1166
-1462
2459
-1622
556
1377
-2163
2779
-2005
1552
-755
1024
-465
-309
2174
-2925
2724
-939
-9
892
-223
-141
1035
-817
444
461
-773
623
-548
954
-1729
2314
-2449
1126
-257
-1182
1112
-1671
1030
-1674
1407
-2263
1810
-2014
137
745
-2122
2148
-2127
1633
-1730
1328
-963
-118
1240
-2232
2225
-1097
64
797
-780
-78
384
-574
-105
516
-447
-612
1561
-2273
1441
-64
-1959
2752
-2408
1425
-692
752
-1166
1017
3
-1599
3571
-3395
2582
79
-1700
2312
-1012
96
1162
-287
238
956
-195
125
797
-221
-300
1730
-1049
798
931
-1221
1164
-233
-428
427
460
-1088
1392
-1033
153
9
-735
965
-1866
2223
-2709
2152
-1089
-904
2161
-3411
2712
-2026
432
750
-1866
1679
-1728
692
-697
-345
709
-2343
3234
-4082
2864
-1234
-2274
4439
-5629
4067
-2067
-263
1200
-1824
1545
-1772
1451
-1672
892
375
-2297
3060
-2916
1387
769
-2319
3223
-2992
1899
-297
-734
1438
-637
630
220
535
-306
790
-47
-32
1171
-302
-71
2026
-2491
2852
-1049
-772
2824
-2532
2117
-377
307
90
380
-246
180
1022
-1657
1940
-224
-1003
2221
-2049
988
383
-1450
1557
-659
124
-14
132
-520
704
-1105
312
179
-391
59
217
-269
-714
912
-2328
1913
-1306
-878
1257
-1801
279
168
-1251
132
654
-1896
733
709
-2169
1537
-310
-1531
2688
-2210
620
1081
-1173
-67
1142
-1134
-442
2504
-3936
2858
-102
-3353
3874
-2660
85
1320
-2262
1510
-425
24
-848
1679
-1414
-498
2404
-2894
2441
-664
-477
1438
-857
451
-31
348
-95
573
451
-489
1039
-123
-479
881
707
-1018
1528
375
-1168
2500
-1946
549
1408
-2360
1567
496
-1682
1763
-627
-839
1008
-599
-809
910
6
-1875
2986
-2428
497
1815
-3268
2726
-1082
-334
1032
-406
-367
695
-731
-204
469
-787
235
-229
218
-953
1209
-1974
1672
-1395
400
449
-1804
2589
-3331
2488
-1477
22
627
-953
756
-823
719
-1543
1535
-1302
24
824
-977
125
720
-1469
1138
222
-1322
2578
-2358
2260
-1586
1386
-227
-610
2386
-3167
3633
-2371
1567
-49
-712
1391
-1538
1849
-1459
1057
-104
-1039
1803
-846
-80
1388
-1720
1186
-24
-438
877
41
-665
887
138
-1098
2127
-2105
1228
-162
-297
255
-33
492
-1717
2529
-2927
1521
478
-2958
3620
-2599
14
2059
-3132
2461
-1496
4
760
-1502
2264
-3287
3980
-3739
1288
1605
-3695
4609
-3792
2528
-1664
941
-521
-488
1521
-2664
2571
-1807
604
-263
-545
-475
318
-431
-45
-311
44
-574
-442
1213
-1973
1592
-944
126
461
64
-681
937
-551
-103
1546
-1586
1796
-1198
916
-934
1513
-1146
92
1537
-2504
2907
-1994
476
376
-815
66
556
-146
-466
657
-394
-68
360
29
-701
1096
-331
-113
492
496
-1531
1749
-698
-913
2609
-2457
1097
504
-823
-125
994
-757
-535
2134
-2534
1455
1078
-3128
3190
-1263
-1301
3134
-2970
1507
232
-993
796
91
177
-988
1509
-1432
706
377
-1105
1279
-593
-84
451
-76
-324
12
-75
-10
51
94
160
-360
172
386
-1161
1209
-80
-1340
2680
-2140
1362
526
-1424
1483
-627
206
-458
1315
-1228
762
408
-1143
405
489
-1608
913
720
-2734
2803
-1913
-97
1433
-1527
-53
910
-337
-1397
3341
-2806
654
2027
-3490
2929
-554
-1375
1168
416
-1673
1199
1153
-3466
3208
-1764
-1586
3197
-2678
209
1488
-1746
-254
2069
-2661
1136
1043
-2688
2567
-768
-637
1089
-446
-812
645
427
-1466
1908
-877
-719
1582
-1931
1401
-766
176
-492
540
82
-1120
2505
-2911
2097
-1527
830
118
-672
1913
-2908
3052
-2690
1472
25
-1216
1931
-2173
2125
-1434
885
-148
-614
807
-761
281
-60
580
-1571
1847
-1335
102
361
-332
95
-224
678
-1678
2602
-2944
2160
-435
-1317
2334
-2301
1875
-866
735
-538
421
203
-637
1151
-1268
971
-272
-861
1403
-605
-288
783
-634
33
552
-513
72
552
-887
991
-333
341
-31
-135
223
-684
1473
-1421
877
323
-810
801
-401
-3
90
-427
254
-3
432
-23
-198
782
-874
600
-215
116
269
154
-170
663
31
-339
335
11
35
-398
1395
-1682
1727
-630
-1109
2139
-1877
471
595
-598
-177
1135
-1269
58
1222
-2213
1635
-189
-951
1009
-932
114
136
-47
-619
724
-684
20
478
-1089
1318
-1504
285
933
-1415
715
242
-1343
715
262
-1728
2127
-1357
-452
1467
-1683
585
-29
-89
-882
1353
-782
-484
1538
-1829
976
-326
-300
582
-565
497
-416
543
-461
-439
1214
-1812
1296
-286
-671
1266
-1221
818
-561
501
-516
325
293
-776
1400
-1266
367
1177
-1679
911
613
-1453
1360
-534
33
431
-372
-175
299
86
-1073
1456
-1145
-86
558
-242
-373
641
-291
-896
1587
-1548
1249
-319
-560
1086
-795
294
413
-350
-152
448
-166
247
-93
233
-578
731
-574
259
942
-1817
1889
-715
-621
1892
-1535
568
616
-776
705
153
-459
600
-75
-255
851
6
-575
815
172
-1164
1760
-1048
57
1435
-1822
1423
-86
-883
1047
-433
-4
508
-435
-31
435
-104
-355
547
-267
-288
666
-743
525
214
-1172
928
-154
-483
946
-1030
303
279
-1016
963
-603
246
-227
-613
987
-1474
884
-679
-695
839
-1144
480
-438
246
-1186
513
-191
-1048
1602
-1487
206
857
-1303
346
522
-1008
187
725
-826
18
1675
-2624
1478
505
-2674
3105
-1879
-65
1443
-1269
319
261
2
-1224
1543
-470
-968
2321
-2039
1007
650
-1340
1261
-430
52
-106
1013
-749
462
630
-1298
1433
-1154
502
412
-810
1246
-879
700
-230
53
251
-633
992
-733
491
672
-830
930
-640
122
603
-680
917
-984
1432
-1656
1362
-114
-1714
2844
-3183
1937
-178
-618
185
235
-392
-504
1687
-2715
2721
-917
-1169
2394
-1598
-252
1404
-1112
-558
2431
-3082
1610
906
-2628
2577
-1412
-615
1244
-639
-1046
2270
-2155
195
1568
-2638
2365
-1269
0
325
-63
-57
-93
484
-775
849
-861
284
951
-1549
1295
-237
-879
1947
-2383
2068
-567
-886
1478
-1078
678
-332
777
-1671
1955
-1203
-151
1654
-2131
1972
-1605
996
-97
-302
804
-1678
2067
-1428
438
892
-1455
1614
-1492
1126
-241
-424
1156
-2110
2375
-1516
372
465
-1184
1018
-1206
954
-1115
1288
-1133
-145
1199
-1854
1448
-1231
574
-434
139
113
-817
1777
-2630
2103
-894
-969
2164
-2489
1624
-636
56
-60
-362
709
-1383
1376
-1021
105
973
-1354
837
-23
-434
75
5
226
-494
606
-236
-301
1088
-1055
534
7
-324
292
-66
687
-1100
1815
-1643
534
1145
-1836
1732
-929
696
-174
498
-200
16
600
-1109
1295
-249
-226
830
-253
-507
1475
-1235
488
747
-907
786
96
-116
-265
1032
-1759
1634
-463
-1096
2220
-1924
534
567
-1030
86
927
-1473
791
822
-2262
2197
-789
-1486
2256
-1456
-319
1553
-899
-694
1594
-1139
-1146
2934
-3573
1731
1126
-3348
3446
-2140
80
243
-279
-490
313
516
-1862
2407
-1999
420
521
-1226
839
-346
39
369
-38
-329
183
44
-623
529
-22
-546
1315
-1340
1024
-603
-132
305
-478
673
-779
1402
-1400
1037
-14
-1139
1124
-767
256
573
-216
8
580
-462
-277
1027
-749
-202
1456
-1634
1385
270
-1762
2027
-1267
-421
1591
-986
-84
1177
-1270
402
621
-1183
649
255
-988
930
177
-1271
1442
-1042
79
243
-47
-80
-119
582
-980
951
-751
269
-24
-53
-91
-86
533
-1173
1286
-829
-170
910
-1091
412
324
-365
-619
1510
-1576
660
894
-2007
2117
-1055
-495
1076
-22
-1450
1782
-434
-1424
2814
-2428
875
856
-1673
1108
256
-657
60
976
-1287
829
548
-1409
1219
-19
-1138
1635
-473
-802
1983
-2115
1519
-123
-891
1300
-1013
880
-614
888
-1042
882
-218
-1216
1947
-1393
108
1094
-1375
551
853
-2482
2232
-739
-1061
1694
-1093
357
-302
575
-1419
1363
-405
-1255
2115
-1539
91
984
-1463
494
630
-1395
953
-275
260
-1301
1605
-1139
-439
1817
-3132
2955
-1645
158
204
450
-1213
426
1051
-2423
3151
-2623
1086
442
-704
-68
1238
-1538
628
1087
-2236
2886
-2106
1040
-707
820
-982
881
96
-1388
2446
-2761
2383
-1129
179
296
-313
256
71
180
-599
1336
-1815
1888
-1004
202
764
-1156
952
-429
202
-297
542
-478
-113
528
-683
467
122
-814
836
-430
-163
416
-157
-156
77
-24
-205
481
-462
206
-282
500
-802
597
22
-695
932
-785
520
-286
280
-790
603
-358
-260
757
-631
525
-474
338
-641
420
-163
-422
824
-391
-104
685
-740
259
44
-508
690
-455
660
-480
636
-433
-113
494
-787
843
-524
431
-271
463
-84
-385
1014
-1294
994
-280
-289
1092
-1036
741
-365
448
-277
106
794
-1630
1871
-1080
99
1156
-1622
1439
-832
55
315
-200
50
-569
976
-785
235
333
-547
27
97
-505
357
176
-674
656
-575
413
-598
651
-811
124
674
-1503
1691
-1237
554
-541
242
-237
-161
571
-1381
1653
-1635
1007
-196
-537
829
-1027
441
-25
-46
-89
329
-449
394
-18
-355
373
-52
-530
698
101
-688
1079
-660
-301
1047
-906
153
722
-977
656
58
-398
541
-396
60
-93
300
-337
139
520
-951
987
-450
-98
734
-947
853
-456
112
631
-1074
1115
-500
-285
711
-399
247
-179
222
-694
1184
-1293
689
424
-1496
1751
-1358
967
-640
514
-616
290
286
-887
1290
-1167
780
-426
379
-562
588
-524
312
-191
-193
876
-1417
1362
-1052
483
-121
-321
320
-129
106
-685
1097
-823
101
688
-863
593
-21
-423
460
170
-603
397
223
-473
718
-445
214
68
-320
249
52
26
-51
174
-275
479
-337
112
103
-393
55
406
-304
-104
906
-1292
710
87
-774
945
-767
157
153
-147
157
-168
605
-960
343
357
-901
1011
-871
412
-11
-556
874
-923
893
-945
261
217
-473
701
-799
946
-1009
721
-48
-291
528
-339
-135
201
173
-527
842
-660
74
367
-258
-594
1248
-1231
103
937
-1323
1434
-876
129
403
-719
402
29
-190
256
-144
169
-7
-13
-91
148
-398
-52
527
-728
696
-415
114
91
-238
30
107
-4
-411
697
-810
836
-378
-331
960
-1173
909
-445
-65
638
-735
486
-74
10
49
133
-146
37
369
-847
804
-98
-469
825
-1015
986
-571
-63
623
-860
798
-874
845
-499
-90
613
-1113
1161
-1020
621
101
-1140
1691
-1507
710
437
-954
1040
-866
329
154
-174
-206
546
-181
-300
597
-319
30
-41
299
-564
727
-364
-308
914
-768
166
574
-661
251
703
-1102
749
280
-715
370
426
-779
386
687
-1485
1397
-291
-1062
1415
-919
-203
896
-960
304
530
-999
521
15
-479
274
-44
-150
41
251
-511
528
-247
-392
645
-807
319
121
-332
151
254
-409
-185
736
-1039
392
298
-800
659
-101
-326
403
234
-944
736
135
-962
1146
-485
-204
691
-457
-67
570
-359
-165
327
-366
504
-447
271
441
-884
948
-374
-139
485
-557
166
-17
329
-523
605
134
-1172
1736
-1406
87
1327
-1997
1444
-335
-283
505
-309
387
-670
740
-806
664
32
-781
1116
-793
365
-175
92
-187
91
-242
23
427
-719
522
-148
-258
-56
340
-718
720
-201
-434
670
-387
47
130
29
-421
656
-534
181
305
-416
121
73
-234
288
-344
92
541
-953
986
-480
-4
257
-92
-245
381
154
-807
1556
-1217
319
506
-761
456
98
-16
-492
962
-890
311
521
-954
461
130
-430
222
301
-577
456
-385
246
-202
299
-283
-199
691
-942
741
-412
-129
314
-388
263
-244
209
87
-550
676
-539
262
26
-339
726
-605
275
-176
267
-123
-252
403
-341
358
-216
120
210
-559
684
-643
315
82
-232
314
-266
543
-632
550
-442
206
99
-523
467
-137
85
-281
494
-501
75
155
-329
353
-82
-93
38
240
-194
7
115
39
-302
490
-448
194
350
-785
708
-499
302
-307
229
-27
-265
623
-931
905
-462
10
216
-504
637
-506
293
-247
365
-338
-133
535
-681
636
-557
445
-253
279
-234
-117
482
-855
911
-844
601
-447
467
-511
302
506
-1372
1497
-1118
557
-309
214
-251
371
143
-963
1597
-1397
373
578
-769
354
500
-776
445
548
-1115
773
78
-860
805
-100
-746
1094
-507
-343
833
-760
277
109
-441
188
246
-132
-175
655
-643
252
164
-568
641
-469
116
64
92
97
-463
834
-929
476
160
-860
1002
-594
-9
280
168
-481
461
194
-993
1172
-735
-163
983
-891
276
598
-505
-233
717
-525
-217
540
-431
239
139
-187
34
254
-291
-265
539
-331
-166
357
-192
-145
648
-749
298
464
-1143
870
-223
-114
-60
425
-605
201
593
-1582
1688
-979
-412
1374
-1422
577
486
-787
102
554
-438
-402
971
-945
292
632
-1380
1414
-429
-584
738
-521
303
-395
454
-225
-43
475
-836
793
-253
-204
374
-402
453
-540
435
-200
-195
833
-1295
1053
-148
-763
991
-894
522
-57
-114
187
-162
329
-676
709
-473
127
343
-762
961
-614
68
369
-430
302
-32
-331
386
46
-443
565
-224
56
32
46
-144
128
3
-189
262
-84
283
-727
973
-746
175
545
-993
916
-428
-1
-117
470
-444
22
418
-634
288
340
-852
588
53
-432
580
-734
1035
-1011
496
94
-718
1021
-877
192
548
-560
268
49
-102
163
-406
427
-575
505
-384
220
177
-557
850
-1103
576
247
-1030
1042
-298
-522
944
-470
-333
827
-542
-378
978
-750
64
544
-458
35
458
-379
-57
371
-493
271
-55
71
-18
195
-202
101
-67
-72
336
-677
714
-281
-170
448
-448
392
-184
-1
-113
307
-153
-308
580
-520
183
35
-94
15
-84
103
-275
75
355
-430
155
-84
-65
222
-482
388
-174
148
-514
557
-128
-490
693
-604
409
-255
103
48
-76
-78
304
-189
-56
449
-523
221
101
-199
158
118
-536
928
-737
84
467
-589
484
-328
191
-62
375
-626
334
478
-707
335
175
-319
506
-187
-486
912
-472
-178
231
186
-273
-4
52
-29
257
-304
-210
315
95
-491
530
-467
495
-389
-71
351
-265
272
-571
452
-92
139
-355
375
-142
-119
122
-256
361
-277
187
-414
513
19
-485
467
-236
112
-168
-10
115
73
6
-309
639
-455
164
-6
-260
476
-333
32
136
195
-38
-55
-61
153
51
-266
11
469
-514
254
89
-500
963
-866
-100
630
-511
53
244
-94
-224
531
-512
-13
641
-914
409
113
-427
347
27
-200
60
173
-333
148
89
-315
-136
584
-636
199
126
-393
434
-387
142
-261
532
-685
347
218
-367
553
-741
556
-84
-193
28
-17
61
11
-42
40
-152
147
-153
-48
163
-240
423
-560
173
363
-250
-86
117
-59
168
-179
53
106
-101
220
-305
402
-252
39
-71
102
59
-74
260
-417
395
-302
67
247
-513
286
195
-142
-59
163
-63
101
-132
-148
507
-229
-138
275
-32
109
-124
-147
71
323
-211
-232
599
-392
209
23
-412
440
-222
-148
84
185
5
-44
-59
-157
362
-114
-520
521
-66
-21
7
66
99
-220
206
-589
644
-170
-334
312
-128
196
-150
117
-247
242
-127
-119
261
-141
16
73
-60
87
177
-429
307
-83
-223
401
-357
181
-19
-17
3
94
192
-565
451
-214
-95
284
-458
314
73
-140
-36
225
-163
-333
330
-298
83
277
-387
89
321
-167
-116
61
-142
3
49
14
-237
541
-222
-220
433
-398
127
-242
-80
98
346
-332
51
416
-421
107
-66
50
-317
306
-105
-79
264
-298
203
-74
70
-105
110
-62
-303
232
179
-182
-116
232
-23
161
-138
-179
283
-196
-224
170
231
-265
96
-54
124
110
-437
304
-221
59
210
-31
135
21
-82
389
-249
-348
533
-364
176
-118
301
146
-233
15
-150
706
-825
-24
284
-111
264
-402
330
44
-171
-182
170
56
-146
84
-111
220
200
-325
44
-21
-138
261
-278
-79
358
56
-518
482
-87
-308
284
-300
74
328
-4
-532
659
-190
-123
22
-95
326
24
124
-270
513
-299
-10
127
-98
167
-86
138
-65
60
291
-344
-60
203
-221
211
-262
192
-120
61
37
-339
323
-301
-11
63
-123
156
-25
-118
-179
53
282
-486
312
-133
-119
391
-580
333
-182
-18
-49
-116
109
-53
117
-305
217
-59
-49
64
-40
16
50
48
-47
176
-214
-45
326
-328
18
217
-91
79
-74
-33
-86
241
-420
101
274
-276
182
-165
92
-44
131
-394
207
107
-186
399
-435
215
39
36
-217
220
41
-101
174
-345
480
-171
-115
-40
228
27
-19
-136
79
179
-249
117
-109
241
-359
35
94
304
-207
-144
242
-223
275
-291
47
35
102
-17
19
223
-237
124
-148
-14
170
52
-20
-173
330
-216
-37
-14
-137
64
-13
117
-150
196
-77
-24
23
-269
348
58
-373
330
4
-95
30
-38
15
10
-44
-145
318
-137
66
8
-168
295
-240
40
209
-257
-55
242
-81
-135
241
-242
104
132
-353
414
56
-473
334
185
-243
312
-123
-326
347
-84
-174
201
-53
-121
55
-56
-68
133
-157
-115
92
116
-48
-230
-51
192
-12
-186
148
134
-49
-79
-119
267
116
-492
430
54
-76
230
-388
89
-57
42
-151
169
163
-228
203
-235
80
85
-216
-177
55
103
-56
91
-200
95
18
-153
-17
-8
132
-147
-178
103
191
-133
28
-16
-64
171
-79
-142
223
-152
-77
333
-301
156
109
-185
-221
112
49
75
87
-206
438
35
-29
-134
235
46
-67
-59
-12
385
-193
45
-140
80
69
-95
-197
212
125
-244
143
-164
272
-284
-368
-122
36
-162
-285
324
-94
324
64
101
294
101
-222
-148
444
-238
-12
42
85
42
-213
106
13
161
-133
105
435
-6
83
-111
32
-78
-203
33
-280
137
16
-148
234
86
39
220
-8
138
73
-59
134
-234
81
-124
-84
83
-163
-2
-44
-73
-146
73
-50
17
57
-150
-18
-73
-151
-146
-28
-221
12
89
-146
107
4
81
69
-62
55
126
50
-30
-73
68
38
-131
-39
0
156
-28
-39
44
-21
57
-173
-88
47
-190
9
-66
-67
-38
-109
22
-146
176
-64
52
128
-92
181
12
134
-96
18
54
-3
55
-31
177
-43
23
6
23
69
-126
-49
48
-22
-32
-88
9
12
-111
46
-90
122
35
-36
171
8
137
63
3
86
-6
49
-31
16
84
18
41
-46
123
-60
-18
25
-94
-16
-116
19
-44
-77
-106
-22
-57
-133
-8
-66
52
27
-55
146
131
4
68
42
56
129
-36
-14
82
-50
36
35
8
120
96
-67
52
44
-48
-8
-97
25
-63
-2
-83
10
2
-174
141
-63
-51
79
-49
56
40
-16
45
-10
-16
-22
-34
-52
-33
1
-52
-11
-57
-24
19
-78
-65
41
-44
-91
-33
-111
42
-18
-45
34
-39
87
-38
40
81
37
94
6
4
126
58
-9
46
-67
71
-55
-54
-34
-36
67
-57
-19
-18
19
-41
-40
-72
-24
8
-46
9
6
92
-19
-37
39
13
18
25
16
65
14
-30
28
18
60
2
69
-40
22
23
-77
10
-38
55
-25
34
6
-2
-53
-93
4
-36
-40
10
37
27
28
-28
23
-30
22
-80
82
48
-44
98
-65
36
-44
4
-11
34
15
-26
50
-38
32
6
-24
-15
3
-20
-30
-53
-1
-52
-36
4
21
86
-37
6
0
-8
19
-3
-10
1
16
4
-16
-40
-29
-11
-86
-14
51
-25
45
-47
31
13
-16
-29
-25
24
-38
73
11
16
83
42
27
40
54
65
-20
71
-11
52
70
-28
123
-15
23
-12
8
4
-20
14
29
53
-25
11
28
46
-5
-4
29
35
-16
-20
-9
20
33
-53
7
9
33
-26
-16
44
-22
12
-40
8
34
-35
21
-41
-32
-10
-74
-36
-63
-11
-43
-62
-18
-20
-47
-14
20
-54
11
-48
-12
8
-50
8
-25
-35
-16
-52
-18
26
-32
-8
-72
4
-4
-31
13
-52
-8
-97
-32
-35
-11
19
-2
8
-12
49
-7
-17
7
26
31
9
-44
51
12
-4
4
-15
12
-10
7
-41
49
-2
2
-8
24
40
-15
40
-26
49
31
-24
49
51
7
64
-7
-3
39
-42
-3
-16
29
13
8
22
19
3
-5
-11
21
13
-11
3
-17
31
17
71
-2
39
11
15
37
-8
56
-20
34
12
20
7
24
-11
-17
-23
-13
22
-22
16
-14
21
2
4
-19
-34
-24
8
-13
-25
22
2
5
-38
-13
5
-13
-30
-6
-18
2
-8
-15
4
11
20
-16
0
-6
16
-17
26
-6
1
-4
-57
2
-4
41
-21
5
-10
20
30
-2
23
-8
3
-20
9
-4
35
11
17
-20
-2
54
-25
17
-6
-3
16
-12
-10
-19
-25
-9
-11
-11
-21
-13
-28
-28
25
9
6
11
21
-1
13
11
0
-16
-11
-18
-31
-11
-12
22
-29
-16
-18
5
-22
-27
10
-42
-7
-14
-8
-32
-1
-28
-49
9
-27
-7
-26
-20
3
-3
19
-2
7
3
-28
13
-22
-19
22
2
7
30
34
0
39
-5
19
7
-7
17
-7
20
12
43
26
21
-1
19
1
13
13
-4
2
-27
2
-7
5
-12
17
25
18
13
11
-1
8
26
-4
24
-10
-18
11
-1
9
32
19
24
-12
-4
15
-17
21
6
-7
-10
14
4
15
26
30
25
-3
22
-1
6
-4
29
14
9
17
-1
-2
8
32
-15
5
1
4
9
4
32
33
0
26
20
-18
-2
-16
-26
-19
-5
-18
-16
-19
-25
-21
-32
-11
-34
-18
-16
-40
-12
-15
-16
9
-10
-30
-13
-37
-14
-15
-24
-16
-21
17
-2
-13
23
-11
3
29
-7
14
4
-3
10
20
4
0
-29
-4
13
-17
19
-17
0
-3
-22
1
-7
4
-4
-19
-14
-2
-9
-18
-29
-17
-16
-35
-6
-15
-34
-29
-14
5
-3
-10
1
21
-6
18
-2
-24
-1
-28
-3
-1
10
5
-9
-12
-4
24
-1
8
11
13
13
13
14
22
29
2
29
18
25
40
11
12
28
6
15
4
-3
13
-11
29
-7
23
10
-20
14
-5
37
21
12
15
7
-10
9
3
-7
15
-20
10
13
-27
1
3
-15
5
-6
2
6
-8
3
12
18
15
-6
-9
8
-1
6
-10
-12
1
-9
5
12
13
-3
7
-1
12
-2
-3
8
-11
18
2
4
-4
-1
4
9
-8
-4
-22
-13
7
-18
11
-6
9
-2
-8
-3
-26
7
-3
-5
9
-5
0
6
16
1
10
2
20
18
13
13
-9
23
5
-7
-3
-23
-19
2
-3
6
-29
-20
-14
-17
-19
-32
-18
-19
-8
-21
-9
-18
-7
-36
1
-7
-21
1
-32
-1
-12
-36
-17
10
-9
0
-9
-20
0
1
2
-10
-12
4
-12
18
19
10
21
26
20
7
40
2
21
4
9
11
-6
25
-25
5
-14
-16
11
-17
13
-15
-16
2
2
18
17
7
4
4
-17
7
2
-2
-10
-12
-11
-21
-11
11
26
18
15
-12
-4
-14
-6
7
-13
-6
-8
-20
8
2
-9
0
-12
19
4
-9
36
20
-5
28
3
9
22
13
24
16
22
-13
7
19
-1
35
28
-3
13
10
-6
46
37
52
53
39
58
18
56
53
30
24
19
4
12
24
10
19
-1
3
10
19
5
6
-2
-9
-2
5
3
-15
-13
-15
-31
-24
-31
-26
-28
-53
-39
-59
-25
-41
-40
-27
-43
-32
-28
0
-17
-13
-33
-32
-21
-35
-11
-28
-45
-42
-31
-43
-42
-18
-55
-28
-20
-43
-17
-19
-33
-15
-11
1
18
-21
-9
-18
-20
6
-16
-6
-1
-26
3
-7
-3
11
-12
11
1
5
17
20
19
21
26
27
25
25
25
16
28
18
14
23
10
15
11
15
23
19
8
-5
-3
3
28
22
26
1
13
2
7
25
5
5
-13
-1
-9
17
6
29
20
24
40
29
30
40
42
30
23
-7
37
-13
18
15
-11
44
-4
-1
-17
-23
-2
10
21
0
0
2
-2
-1
11
15
-5
-8
-23
2
-4
-23
-4
-46
-6
-22
-21
10
-28
1
-26
-19
2
0
1
14
9
3
5
1
-5
-7
13
10
18
-12
-9
-4
11
14
-2
-13
-21
-13
-16
-22
-22
-17
-34
-22
-1
-13
-18
-24
-32
-13
-15
4
0
3
6
5
11
16
18
1
11
10
-6
-12
4
-7
-10
16
20
-8
9
-15
9
3
-18
6
-12
12
-17
6
16
-1
3
21
-8
2
12
-10
0
-18
-12
-25
-12
-22
-12
-26
-20
-17
-33
-16
-27
-10
-14
-3
12
6
-12
-11
-9
16
2
-8
3
-16
22
-8
-3
-1
-13
-11
-20
-16
-4
4
-12
15
-5
3
11
13
15
-4
5
-3
-10
12
11
17
26
0
25
37
49
50
43
37
29
19
32
38
26
17
17
32
20
32
36
27
46
40
23
55
25
41
56
27
17
24
17
17
34
6
25
