SAMPLES:	12253
BITSPERSAMPLE:	16
CHANNELS:	1
SAMPLERATE:	16000
NORMALIZED:	FALSE
-11
-15
-6
-11
-9
-21
-11
-9
9
-10
-5
26
-7
14
13
10
26
35
36
20
17
16
6
3
7
-1
1
10
-7
-2
-9
-22
-12
-9
-7
-9
0
-9
-10
1
8
-14
-8
-3
-18
-11
-26
-7
-18
-22
-34
-25
-19
-15
-3
-16
7
-26
-21
-28
-19
-15
-23
-11
-17
-7
-12
6
-15
-3
-5
-6
0
-1
29
7
0
9
-6
19
23
7
22
-1
3
-8
-1
9
-1
17
13
-3
7
18
7
18
14
5
3
-21
-12
-2
-11
4
-29
-30
-29
-26
-12
-25
-19
-14
-22
-15
-12
-21
11
-19
6
-17
-29
8
-10
13
7
3
-4
-10
5
28
3
22
8
-7
20
-3
11
5
3
8
-3
12
11
22
38
29
21
44
43
30
48
26
49
27
37
57
26
36
14
30
24
27
30
27
2
-2
35
25
38
20
17
20
6
18
6
18
16
10
-2
-16
-12
-4
3
6
13
-12
-1
-7
0
-3
-18
-16
-31
-12
-14
-28
-25
-32
-47
-39
-27
-46
-54
-43
-44
-33
-59
-45
-55
-57
-41
-52
-24
-40
-26
-35
-30
-28
-48
-40
-36
-11
-22
-3
-26
-2
16
7
27
4
12
6
12
-6
-1
8
19
23
22
23
14
22
22
26
13
14
-7
22
5
13
23
7
11
26
24
9
24
-11
22
10
26
3
-14
-2
-12
10
-8
-3
4
-7
-30
-5
-21
-15
-8
-29
2
-19
-23
-13
-37
-19
-28
3
7
-9
13
-24
1
2
3
3
1
5
15
19
14
26
7
26
31
41
41
38
41
31
27
24
34
9
22
6
13
38
19
23
19
35
22
37
20
14
14
-1
-3
-24
10
6
-11
-11
-12
11
21
8
6
-15
13
-6
-11
12
-14
19
-17
-17
-6
-17
-10
-13
-7
-14
-17
-27
3
-1
3
-5
7
10
6
22
1
4
-13
4
-21
0
1
-18
22
-4
22
8
-3
-17
-30
-18
-35
8
-9
-29
-6
-2
-3
-6
-8
-13
-10
-29
-20
-14
-6
-23
-32
-17
-31
-8
-8
0
-1
-13
-12
-28
-16
-29
-23
-8
-12
-5
-8
-2
-12
-11
-11
1
4
2
14
-22
-14
-6
-21
-16
-11
-1
-4
-8
-16
-17
-2
1
-8
13
6
-12
3
-27
-6
2
-14
15
3
15
16
12
17
14
6
5
1
0
29
10
25
23
5
38
21
32
23
16
29
23
24
20
25
13
36
14
27
31
10
23
-8
16
4
23
18
-4
7
-20
28
26
25
29
11
8
-11
7
-5
-4
0
-19
-11
-21
-2
1
-9
3
-5
-3
-3
15
10
-12
10
3
1
9
-12
7
0
4
9
2
9
-11
16
3
-8
-7
-3
0
-5
27
-15
0
3
-4
-6
-25
-13
-24
7
2
6
-11
-9
-20
-14
-9
-28
-4
-14
-9
-26
-24
-25
-23
-16
-12
-18
-14
-16
-34
4
-8
-18
-13
-18
-4
-8
-14
-16
-22
5
-3
-16
-1
-9
-9
11
-12
-33
-13
-27
-9
-5
-10
-10
-18
-6
12
-20
-11
-12
-28
3
-24
-7
-5
-3
20
12
14
7
2
20
7
18
19
-10
15
28
21
19
22
10
20
1
20
10
-9
12
4
26
7
14
6
9
21
18
16
8
16
5
26
14
19
34
20
31
22
10
14
19
9
9
11
10
21
23
6
-7
-2
-7
3
21
0
-12
-10
-19
-5
-3
2
-9
-10
5
-1
15
-1
1
10
-12
-13
12
9
9
18
-6
4
-8
-13
5
2
-7
1
-12
-10
4
0
8
0
-5
-5
8
8
-8
-6
-8
-18
6
-1
-13
-11
-17
-4
13
8
1
4
-12
-8
-4
-5
-8
-4
4
2
21
18
16
-18
-16
-11
-28
7
-25
-7
-22
-13
8
-23
8
-14
-13
-5
-11
-14
-29
-36
-21
-29
5
8
-22
-18
-33
-11
-17
-14
-20
-21
-16
-21
-3
-3
-8
-26
-5
-2
-8
-1
-14
-17
-3
-13
-3
-7
-30
-1
-28
4
9
-9
-2
-4
17
18
30
24
43
15
33
23
13
42
15
34
29
23
31
35
28
23
28
28
21
6
9
3
11
13
-11
-10
-12
-10
-2
-11
-15
-11
6
10
11
2
3
-2
2
2
4
7
-2
4
0
15
23
13
5
23
3
19
19
18
29
3
17
15
20
22
18
10
22
-2
6
-3
-18
5
-4
9
-22
-1
8
7
5
10
-9
-3
11
-24
1
-28
-6
-7
-6
7
-10
0
-25
-3
-11
-12
-23
-14
-11
-30
-3
-26
-5
-16
-14
-12
-44
-33
-50
-23
-31
-31
-32
-50
-28
-39
-23
-14
-21
0
-11
-2
-15
-19
-4
-8
30
15
-13
16
14
8
30
26
14
4
-9
3
12
-4
0
-1
6
-10
-6
9
-21
-7
-7
-9
-8
-7
-19
4
-5
-3
1
-17
-1
-22
-12
-8
-3
1
4
5
18
2
10
28
19
32
4
16
18
5
21
31
11
8
6
7
27
7
28
24
13
22
19
34
30
24
19
20
20
22
26
36
20
20
37
20
12
36
21
10
25
-2
15
-10
-5
-4
-27
-14
-33
-32
-21
-31
-26
-11
-32
-12
-22
-2
-10
-35
-17
-31
-26
-9
-25
-27
-20
-22
-6
-25
-4
-11
-15
-10
-20
-5
-5
8
11
10
-5
8
12
9
26
16
19
19
20
16
7
11
17
11
16
5
21
9
0
22
4
29
14
7
-5
3
8
13
24
-2
23
-5
-2
-1
-4
-3
-6
3
-19
14
1
1
-6
-7
-1
-30
-4
-31
-25
-20
-45
-24
-37
-33
-35
-51
-41
-43
-14
-8
-30
-10
-6
-27
-9
-11
-4
3
-13
-8
5
-2
4
20
-5
-3
-20
7
1
-1
14
-12
5
-10
1
1
-10
-7
13
2
9
33
5
13
-1
10
15
13
36
24
36
26
10
26
25
12
23
4
2
16
25
19
14
24
-2
3
-5
32
7
12
-3
-29
9
-20
28
5
-9
-1
-19
-1
-19
8
3
-1
-9
2
12
9
25
16
27
6
24
26
17
11
6
18
17
17
13
5
-3
22
13
5
7
-2
6
-2
-4
4
-18
-1
1
-12
-18
-20
-26
-38
-29
-30
-21
-17
-28
-9
-11
-28
-17
-30
1
-20
-31
-6
-8
20
18
12
12
-2
13
5
9
8
-27
-5
-21
-15
-13
-22
-15
-17
-11
-3
-10
-24
12
0
6
13
5
17
3
8
-10
-7
-9
-21
-6
-21
0
-14
4
-2
-17
-2
-12
3
-21
-9
-13
-23
-12
-13
-22
-8
-8
-12
5
-12
0
-12
-12
-1
-18
10
-3
-3
12
4
9
0
12
-3
5
2
11
6
6
17
3
32
7
18
28
8
28
5
16
43
15
31
8
6
41
13
39
24
16
16
5
20
16
12
11
15
-1
21
19
12
17
5
14
11
15
22
-4
0
2
-3
20
-10
7
-4
-3
1
-12
-8
-22
-14
-18
-3
-8
7
-19
-26
-22
-42
-12
-11
-12
-3
-20
-20
-12
-16
4
9
-11
-11
-2
2
29
9
22
7
-15
0
-7
9
5
9
5
-18
-19
-2
-8
8
7
-7
-17
-17
-21
2
-1
-10
2
-19
-3
-23
0
-7
1
21
6
8
11
17
3
22
5
9
-15
5
11
0
21
-4
3
5
7
-11
11
-17
-26
-19
-13
-6
-11
14
-9
6
-14
2
-7
-13
-5
-5
-3
-30
-11
-33
-9
-16
-7
3
-12
-12
-34
-12
-9
-15
-6
-14
-7
19
-5
5
-3
-3
0
-7
2
7
6
4
11
0
12
-9
5
12
3
6
7
13
-21
13
25
23
27
-3
15
16
18
29
17
20
-2
16
19
3
25
11
9
25
10
1
-11
-14
2
-15
1
-11
-6
-7
2
17
2
18
-9
15
-13
1
25
3
11
1
25
10
18
19
1
10
2
11
6
6
21
1
19
23
8
3
-18
-8
1
6
5
-9
1
3
-8
16
4
-12
-14
-2
-19
-2
9
-5
17
-25
-6
-20
-9
-8
-46
-24
-34
-7
-4
-27
-32
-40
-31
-12
-22
-23
-28
-52
-27
-39
-24
-16
-24
-29
-34
-5
6
8
-24
6
2
4
28
13
36
14
22
37
15
34
23
24
26
12
36
11
20
18
9
12
7
14
6
13
6
9
-5
-3
13
5
-11
-22
-18
-10
-22
-11
-22
-34
-24
-31
-18
-11
-24
-19
-21
-26
-20
-41
-13
-28
-28
-7
-24
-1
6
-3
2
14
-3
27
12
12
38
10
46
33
41
55
33
35
25
37
36
41
22
12
18
4
27
7
33
26
-6
33
19
38
2
11
11
-25
13
1
3
0
-22
-10
2
-12
-17
-46
-33
-23
-31
-19
-31
-17
-24
-18
-11
-20
-21
-25
-11
-19
-2
8
-6
4
-12
-15
2
11
24
5
12
5
3
2
-3
15
2
15
6
6
2
13
5
6
11
8
30
6
27
6
-2
26
-5
7
3
-8
-4
-24
2
-15
-25
-11
-31
-26
-3
-19
-5
-2
-7
-1
-13
19
-3
4
0
2
21
21
35
21
21
4
6
17
6
4
-18
-12
-13
-23
-8
-17
5
-4
-13
-12
-16
0
13
9
-10
-2
-14
0
8
4
1
-33
-5
-10
-20
-4
-17
-13
-40
-25
-10
-15
-5
-19
-32
4
-17
14
17
-15
21
-21
3
-16
-14
-6
-17
-9
-2
-11
-8
11
-3
16
-3
4
8
8
5
5
8
-4
7
12
23
22
15
33
13
22
32
13
38
9
27
8
-1
18
-6
11
6
-2
6
20
1
10
2
0
-2
-11
2
-15
-3
-5
-5
8
4
-6
11
-2
2
11
12
-2
-4
21
1
38
10
7
10
5
26
3
14
-12
14
20
14
0
-3
-10
-1
32
8
16
6
8
7
12
3
2
2
-2
-2
-1
-2
-20
1
-8
-4
-14
-18
-28
-34
-27
-16
-11
-13
-4
-14
-13
-23
-30
-30
-19
-23
-20
-37
-18
-36
-20
-18
-43
-9
-43
-23
-11
-12
-19
-1
-13
6
-3
-6
21
-14
15
-5
20
22
10
9
1
2
-5
-8
-15
-31
-20
6
-13
-6
-19
-6
-18
-14
-11
-11
-14
-13
-1
0
1
-8
-5
-1
7
2
4
-20
9
3
2
5
-10
7
7
21
12
38
31
34
37
36
46
39
46
54
49
54
30
24
49
50
78
34
43
40
40
68
56
74
55
51
52
59
58
51
42
35
42
29
28
20
9
31
20
8
12
-8
-25
0
-2
-19
-8
-32
-11
-13
-4
-11
-46
-19
-29
-28
-38
-51
-59
-58
-62
-39
-42
-56
-51
-72
-44
-42
-65
-60
-83
-82
-74
-71
-61
-91
-88
-101
-91
-74
-94
-102
-124
-125
-110
-96
-97
-107
-108
-103
-106
-90
-101
-113
-104
-95
-91
-78
-51
-69
-73
-48
-48
-24
-28
-23
-9
-13
16
13
43
50
40
63
83
82
110
122
114
138
140
152
171
180
177
187
215
232
227
234
214
218
225
214
237
236
238
239
228
235
227
214
234
194
192
187
161
172
152
151
126
115
106
96
73
52
35
-7
-2
-22
-41
-52
-85
-94
-112
-122
-135
-139
-164
-187
-181
-178
-197
-207
-204
-228
-214
-228
-235
-228
-232
-218
-223
-231
-241
-239
-232
-203
-205
-213
-183
-195
-163
-147
-147
-155
-163
-162
-144
-95
-122
-118
-144
-147
-137
-138
-143
-168
-158
-176
-153
-232
-313
-423
-439
-365
-315
-267
-336
-373
-390
-333
-294
-248
-331
-399
-342
-228
-77
-70
-126
-173
-77
111
266
317
305
304
428
615
742
774
707
669
719
887
1053
1077
1031
1009
1088
1218
1269
1217
1085
977
918
938
954
907
839
730
670
680
647
556
382
218
99
21
-4
-76
-193
-374
-518
-585
-630
-675
-759
-915
-1009
-1031
-1017
-978
-1044
-1112
-1188
-1219
-1203
-1183
-1130
-1116
-1091
-983
-838
-729
-689
-684
-625
-556
-488
-414
-336
-214
-116
11
118
203
274
291
314
331
374
386
405
463
519
579
596
600
594
590
593
590
603
604
598
567
550
502
516
478
336
268
149
172
231
251
231
72
-28
-40
-46
-177
-608
-1099
-1270
-1035
-603
-442
-624
-1016
-1192
-997
-714
-681
-1082
-1587
-1658
-1122
-462
-327
-889
-1482
-1409
-602
172
251
-238
-637
-338
425
1047
1029
484
43
132
789
1455
1556
1185
868
1157
1920
2484
2369
1745
1292
1391
1835
2113
1995
1618
1346
1444
1775
2012
1873
1358
890
763
909
1079
904
472
88
-78
-71
-180
-442
-799
-1112
-1217
-1241
-1259
-1348
-1542
-1681
-1793
-1890
-1919
-2057
-2159
-2244
-2271
-2118
-1994
-1791
-1669
-1619
-1576
-1581
-1465
-1285
-1124
-971
-897
-797
-556
-325
-175
-125
-117
-15
159
346
443
521
632
801
1036
1162
1186
1117
1078
1074
1124
1203
1245
1346
1447
1521
1566
1490
1416
1321
1228
1198
1089
1035
959
897
901
843
713
524
290
185
134
126
116
8
-48
-141
-258
-388
-526
-658
-716
-756
-755
-738
-770
-794
-798
-780
-787
-808
-845
-861
-918
-1183
-1597
-1894
-1837
-1404
-1074
-1078
-1352
-1619
-1507
-1176
-971
-1139
-1563
-1810
-1499
-838
-464
-751
-1373
-1577
-988
-3
471
243
-249
-233
503
1232
1524
1110
485
428
869
1607
2057
1840
1545
1529
2069
2747
2899
2509
1953
1823
2086
2411
2463
2144
1876
1848
2023
2349
2276
2000
1580
1228
1347
1389
1357
1036
541
329
225
170
-37
-408
-646
-846
-958
-1118
-1340
-1470
-1640
-1748
-1861
-2004
-2083
-2287
-2439
-2427
-2375
-2131
-2051
-2046
-1981
-2005
-1903
-1845
-1763
-1594
-1540
-1383
-1239
-1011
-666
-562
-537
-568
-436
-168
-53
-34
-115
-10
350
613
829
801
672
724
732
900
1023
986
1016
1012
1188
1380
1344
1204
1005
984
1083
1072
992
809
772
852
894
950
719
526
353
251
363
275
175
-6
-185
-64
-66
-86
-185
-454
-481
-481
-398
-376
-488
-512
-557
-487
-415
-544
-779
-1220
-1503
-1558
-1433
-976
-806
-789
-930
-1179
-1037
-946
-952
-1064
-1370
-1345
-1079
-707
-479
-681
-920
-976
-521
147
431
453
113
166
693
1108
1446
1082
691
735
964
1559
1782
1673
1655
1621
2042
2442
2475
2221
1690
1584
1634
1809
1814
1433
1351
1249
1423
1655
1426
1228
781
512
576
470
449
149
-257
-369
-574
-593
-732
-1062
-1219
-1483
-1453
-1499
-1617
-1656
-1899
-1848
-1879
-1953
-1970
-2243
-2194
-2070
-1801
-1400
-1378
-1254
-1255
-1256
-1059
-1020
-882
-844
-739
-335
-48
235
245
116
210
319
596
678
616
628
588
874
1092
1153
1204
949
969
1049
1105
1270
1128
1107
1120
1196
1338
1177
1002
833
723
744
704
666
557
478
478
443
442
256
28
-106
-249
-218
-223
-362
-465
-566
-567
-568
-714
-867
-983
-952
-847
-814
-842
-904
-885
-852
-791
-908
-1232
-1590
-1890
-1913
-1568
-1142
-980
-1003
-1145
-1112
-920
-891
-1059
-1286
-1395
-1130
-754
-504
-489
-776
-893
-700
-136
376
533
441
337
694
1133
1360
1358
915
824
1068
1323
1725
1715
1687
1842
2015
2488
2624
2400
2055
1625
1656
1758
1825
1691
1408
1398
1425
1655
1667
1409
1210
829
770
809
656
591
204
-77
-138
-323
-380
-654
-962
-1056
-1184
-1130
-1259
-1381
-1447
-1601
-1623
-1900
-2051
-2127
-2124
-1797
-1652
-1505
-1373
-1404
-1151
-1014
-964
-892
-1073
-863
-541
-221
86
-27
17
163
425
742
705
588
452
554
940
1155
1276
1133
879
908
958
1122
1089
863
772
757
997
1102
917
705
409
316
362
250
172
-65
-165
-112
-63
25
-216
-461
-684
-779
-680
-698
-749
-889
-1010
-937
-986
-1005
-1087
-1257
-1147
-1163
-1093
-982
-1037
-925
-856
-744
-707
-976
-1380
-1771
-1822
-1640
-1244
-892
-849
-841
-867
-814
-624
-748
-947
-994
-1008
-619
-321
-226
-300
-516
-442
-73
456
748
799
806
958
1469
1799
1907
1789
1414
1483
1719
2036
2332
2324
2421
2639
2923
3244
3190
2879
2464
2222
2227
2195
2145
1850
1779
1840
1843
1933
1678
1365
1071
711
728
631
457
251
-173
-353
-567
-790
-1008
-1296
-1509
-1747
-1866
-1950
-2091
-2073
-2259
-2412
-2643
-2857
-2740
-2789
-2652
-2531
-2423
-2106
-1956
-1714
-1546
-1629
-1562
-1539
-1216
-770
-631
-480
-476
-176
237
424
578
386
403
541
733
1103
1035
1083
1097
1165
1457
1405
1370
1160
904
1056
1181
1325
1275
974
902
812
805
676
439
307
127
179
166
146
127
-76
-92
-172
-269
-308
-552
-583
-611
-649
-587
-761
-829
-900
-948
-892
-1014
-1050
-1056
-969
-813
-804
-710
-723
-846
-1065
-1444
-1609
-1723
-1686
-1334
-1070
-813
-745
-830
-769
-766
-818
-944
-993
-859
-589
-284
-190
-224
-265
-196
182
569
886
1080
1152
1363
1633
1883
1984
1795
1593
1611
1816
2117
2241
2325
2393
2627
2882
3075
3060
2661
2223
1860
1804
1880
1831
1632
1465
1357
1384
1383
1221
953
617
380
300
273
95
-134
-475
-730
-868
-1074
-1246
-1519
-1815
-1907
-1980
-1994
-2062
-2255
-2316
-2390
-2453
-2551
-2642
-2670
-2564
-2251
-1910
-1586
-1458
-1431
-1338
-1183
-947
-801
-748
-648
-458
-122
260
454
526
515
634
837
951
963
915
987
1127
1344
1452
1378
1236
1066
1072
1176
1126
1043
872
844
941
936
854
585
287
130
72
3
-101
-297
-371
-312
-233
-242
-386
-573
-701
-718
-704
-696
-758
-826
-825
-756
-741
-802
-962
-1023
-980
-879
-758
-719
-732
-698
-565
-519
-670
-1023
-1308
-1399
-1305
-1189
-1085
-1028
-861
-645
-523
-468
-678
-924
-1013
-836
-545
-356
-451
-654
-538
-234
143
337
295
423
757
1232
1615
1688
1614
1541
1586
1775
1919
1931
1901
1928
2172
2632
2994
3016
2909
2798
2752
2742
2499
2216
2034
1913
1984
2024
1956
1825
1540
1360
1277
1126
950
664
388
211
32
-177
-484
-815
-1111
-1310
-1474
-1726
-1979
-2174
-2252
-2291
-2395
-2532
-2664
-2752
-2853
-2921
-2909
-2844
-2695
-2468
-2152
-1950
-1930
-1890
-1738
-1457
-1178
-1073
-1004
-875
-629
-297
-76
30
62
199
442
646
775
785
826
924
1075
1322
1410
1315
1174
1125
1260
1341
1245
1141
1098
1132
1173
1098
927
761
539
420
406
332
231
107
54
99
113
14
-29
-220
-286
-224
-244
-210
-334
-462
-503
-576
-641
-672
-677
-636
-631
-576
-587
-608
-627
-666
-742
-992
-1269
-1476
-1506
-1414
-1357
-1270
-1165
-1059
-879
-822
-905
-1149
-1349
-1314
-1049
-806
-776
-901
-1015
-811
-432
-77
141
219
390
806
1223
1531
1565
1473
1439
1515
1762
1927
1983
1993
2109
2466
2874
3090
3102
2919
2769
2671
2613
2496
2296
2143
1985
2064
2119
2010
1836
1541
1333
1160
1054
871
570
333
62
-139
-355
-684
-975
-1239
-1420
-1555
-1740
-1883
-2096
-2246
-2282
-2327
-2403
-2609
-2797
-2892
-2828
-2685
-2596
-2412
-2236
-2061
-1830
-1714
-1582
-1546
-1492
-1303
-1064
-790
-568
-414
-279
-93
134
346
452
479
512
749
890
1069
1172
1123
1220
1171
1172
1247
1142
1085
1023
1040
1220
1234
1153
944
789
728
690
615
427
222
67
33
148
177
130
13
-190
-189
-214
-214
-266
-374
-395
-372
-324
-336
-461
-635
-692
-693
-600
-506
-469
-491
-525
-452
-327
-340
-665
-1076
-1337
-1423
-1320
-1253
-1223
-1202
-1184
-1036
-833
-823
-1055
-1405
-1563
-1319
-1015
-886
-1055
-1285
-1199
-828
-376
-171
-227
-163
150
734
1247
1434
1442
1307
1295
1541
1822
1936
1757
1733
2115
2651
3117
3158
3086
2986
2853
2849
2780
2662
2430
2145
2130
2255
2373
2292
1999
1823
1595
1467
1387
1137
846
471
173
-23
-270
-504
-842
-1095
-1323
-1585
-1690
-1852
-1970
-2093
-2246
-2295
-2438
-2579
-2657
-2791
-2851
-2945
-2827
-2527
-2267
-2055
-1988
-1884
-1749
-1599
-1389
-1257
-1209
-1175
-1040
-657
-315
-87
-2
53
223
413
568
570
552
517
652
951
1098
1143
1037
840
833
877
955
1022
842
792
829
949
1078
980
863
609
429
324
372
417
302
211
196
360
464
344
155
15
-123
-57
-76
-96
-142
-296
-255
-190
-153
-288
-488
-554
-436
-303
-310
-351
-328
-252
-187
-423
-911
-1378
-1639
-1558
-1458
-1443
-1469
-1519
-1420
-1198
-1074
-1154
-1508
-1873
-1887
-1549
-1197
-1226
-1498
-1585
-1252
-726
-374
-297
-291
-77
475
1028
1357
1424
1218
1173
1364
1672
1913
1826
1749
1959
2461
3051
3260
3185
3105
3078
3126
3134
2944
2655
2367
2246
2414
2590
2596
2418
2229
2052
1968
1897
1605
1268
863
535
346
117
-112
-414
-713
-890
-1099
-1309
-1513
-1745
-1910
-2116
-2223
-2308
-2424
-2498
-2613
-2672
-2794
-2875
-2798
-2606
-2275
-2088
-2024
-1894
-1851
-1674
-1481
-1423
-1327
-1407
-1279
-875
-452
-111
-110
-185
-136
94
271
218
99
-53
74
432
663
729
585
434
449
506
600
604
475
399
467
703
837
759
513
364
390
416
445
313
233
322
411
532
555
377
253
105
49
104
28
-76
-101
-36
64
184
121
51
-25
-41
31
-16
-84
-134
-60
76
113
-53
-431
-793
-1053
-1160
-1156
-1239
-1268
-1264
-1173
-1001
-959
-1149
-1354
-1502
-1459
-1267
-1168
-1158
-1308
-1361
-1098
-707
-381
-287
-256
-44
314
773
1002
1151
1152
1130
1312
1577
1751
1770
1724
1816
2162
2525
2845
2884
2912
2864
2819
2841
2724
2547
2218
2015
2044
2153
2263
2259
2139
1972
1787
1666
1498
1240
922
552
223
33
-179
-394
-597
-806
-940
-1126
-1316
-1550
-1803
-2012
-2216
-2335
-2444
-2527
-2490
-2569
-2631
-2707
-2717
-2494
-2303
-2028
-1890
-1828
-1774
-1748
-1486
-1287
-1208
-1277
-1281
-985
-570
-321
-277
-374
-348
-94
114
238
41
-204
-192
87
418
564
414
252
294
473
692
703
483
237
303
567
901
904
732
656
664
820
841
735
480
353
447
729
927
774
545
360
327
393
341
171
56
-47
52
226
217
124
-86
-110
6
66
-14
-200
-327
-345
-232
-192
-319
-650
-1091
-1251
-1225
-1184
-1192
-1393
-1510
-1449
-1321
-1160
-1177
-1397
-1631
-1709
-1475
-1263
-1184
-1279
-1342
-1121
-782
-306
-114
-96
-62
75
506
978
1238
1293
1180
1225
1541
1813
2060
2040
2027
2189
2455
2814
2930
2944
2801
2735
2765
2739
2747
2486
2221
2111
2147
2354
2411
2294
2127
1933
1815
1682
1473
1199
823
446
140
27
-87
-301
-589
-883
-1016
-1194
-1423
-1649
-1948
-2184
-2322
-2375
-2375
-2433
-2508
-2570
-2561
-2566
-2562
-2495
-2355
-2195
-2138
-2047
-1961
-1885
-1657
-1477
-1408
-1427
-1462
-1243
-888
-610
-578
-631
-650
-528
-247
-197
-227
-380
-486
-119
219
448
418
159
221
385
583
754
609
484
456
649
1048
1162
1198
972
882
1065
1071
1157
930
732
777
782
1007
1011
752
605
361
382
397
212
131
-67
-27
110
136
188
95
-37
-72
-160
-110
-166
-330
-297
-279
-216
-317
-614
-909
-1101
-1138
-1103
-1099
-1112
-1213
-1197
-1098
-1088
-1073
-1162
-1269
-1235
-1183
-1125
-968
-1121
-1206
-1151
-976
-597
-370
-255
-147
45
283
649
925
1071
1188
1176
1328
1657
1735
1692
1709
1747
1901
2198
2398
2512
2597
2527
2571
2705
2619
2561
2415
2144
2164
2224
2252
2241
2082
1976
1985
1922
1854
1584
1260
1024
685
536
239
-52
-286
-566
-632
-891
-1226
-1401
-1614
-1786
-1935
-2083
-2110
-2231
-2466
-2484
-2526
-2626
-2644
-2712
-2672
-2629
-2528
-2349
-2268
-2321
-2202
-1880
-1764
-1786
-1883
-1732
-1853
-2059
-1787
-742
-19
-734
-752
-356
103
197
-571
-495
-367
-182
653
1088
858
50
-254
674
1189
912
585
580
1475
1705
1512
1703
1420
1504
1137
991
1235
1002
1245
1055
865
1110
1261
1380
1090
268
291
448
327
166
-313
45
421
313
-161
-29
379
266
-360
-788
-527
-232
-525
-1111
-801
-863
-1187
-1379
-2033
-1487
-730
-1978
-2314
-1671
-1822
-1260
-1893
-1524
-614
-2083
-1222
-1026
-491
-1548
-2555
-173
-111
643
-198
530
1898
1424
1018
1661
1997
1354
1679
1522
2815
2019
2111
3340
3156
2610
2384
2991
2921
2072
1504
2363
2652
1705
1182
1856
1939
1420
765
782
1263
993
334
491
606
524
406
-1
169
-169
-509
-630
-648
-794
-895
-994
-1040
-1098
-1229
-1170
-1233
-1276
-1574
-1599
-1419
-1455
-1604
-1522
-1147
-1015
-945
-881
-825
-969
-1765
-1404
-644
-1717
-1408
-815
-1381
-255
-646
-168
-526
-1269
-356
-1034
-344
-988
-580
-913
-458
182
-393
-355
-1339
-222
-1221
-561
-535
-1157
-154
-729
168
-172
19
448
-250
291
291
686
903
624
1293
1358
1666
1595
771
1145
1092
588
680
468
1195
763
800
1034
734
1062
12
635
197
187
109
-243
623
208
-2
-28
275
-217
-634
-710
-615
-1018
-935
-1437
-2054
-3028
-3110
-2835
-4079
-3426
-3126
-2216
-2256
-1580
-917
-868
-502
-765
369
275
443
1255
1044
1708
2127
2012
2734
2590
3030
2759
2238
2481
2580
2110
1703
1726
1495
1730
1212
1067
656
974
1129
1005
1069
1002
1844
1247
1144
1657
1377
1562
1328
1328
1766
1678
1776
1549
1414
1625
1139
538
486
253
82
-326
-484
-304
-568
-721
-1085
-1406
-1454
-1830
-2345
-2316
-2449
-2153
-2014
-1904
-1478
-1178
-1095
-1279
-1023
-1112
-712
-963
-851
-154
-172
-101
-292
-233
-770
-972
-845
-1499
-1688
-2064
-1925
-1784
-2378
-1689
-2169
-2018
-1856
-2190
-1423
-2296
-1746
-1566
-1128
-181
-353
491
473
1095
1170
1016
1368
1490
1729
1320
1723
1722
2169
1633
1424
1423
1195
1500
539
909
484
873
746
430
443
43
158
-263
-188
-484
50
-252
358
267
434
961
158
822
366
814
809
509
1036
852
1181
1429
1254
969
686
330
210
-5
-183
-369
-776
-554
-1222
-1970
-2622
-4163
-4013
-5032
-4645
-3373
-3842
-1462
-1523
-745
387
-566
1060
-425
-152
688
96
1368
753
1351
1733
1606
2267
2012
1508
1716
1214
1013
410
-360
196
-960
-466
-920
-865
336
48
1095
1115
1810
2859
2619
2752
3108
2736
3333
3111
3022
3680
3195
3836
3192
2918
2941
1978
1719
664
284
99
-637
-668
-1184
-1206
-1087
-1597
-1350
-1709
-1768
-1482
-2182
-1845
-2127
-2189
-1480
-1911
-1117
-1091
-860
-319
-722
-272
-441
-648
-620
-859
-734
-847
-1609
-1685
-2021
-1761
-1944
-2337
-2079
-2762
-2183
-3121
-2798
-2947
-3459
-2017
-3100
-1297
-1806
-1276
-481
-1190
595
-249
1101
669
1689
1620
1756
2207
1702
2645
1326
2350
1314
2158
1233
1329
1116
515
1265
-292
697
-577
184
-270
-260
-350
-453
-181
-260
292
-205
1289
506
1416
796
1159
1653
867
1771
1107
2166
1919
2130
2136
1904
1911
1572
1586
944
537
18
-5
-645
-375
-1257
-987
-1355
-2895
-2720
-4895
-4543
-5510
-5426
-4168
-3952
-2297
-1635
-702
-137
480
153
991
266
668
508
269
752
97
1263
678
2053
1656
1870
1802
795
1053
0
-348
-1135
-1143
-1109
-635
-828
225
807
1472
2517
2314
3578
3373
3808
3745
3455
3943
3549
3666
3440
3284
3469
3172
2770
2437
1409
1008
146
-866
-1175
-2072
-1917
-2272
-2389
-1903
-2423
-2027
-1933
-2039
-1711
-2008
-1758
-1671
-1728
-1068
-1109
-638
-243
-125
297
2
238
46
-379
-560
-1025
-1300
-1711
-2093
-1962
-2063
-1981
-1465
-1681
-1300
-1408
-1748
-1504
-2359
-1975
-2179
-2090
-1447
-1863
-527
-920
-95
325
216
1162
324
1286
623
878
1037
599
1353
922
1401
1248
1198
1070
810
500
496
275
-48
18
-335
113
-337
-140
-242
-397
101
-190
332
216
555
665
763
1026
962
1263
1196
1545
1500
1720
1750
1872
1826
1740
1872
1659
1593
1205
996
599
192
-190
-130
-548
-585
-687
-1187
-1542
-2545
-2683
-3234
-3946
-4267
-4367
-3740
-2936
-2463
-1491
-1030
-3
766
771
1237
625
1215
659
817
878
584
1348
729
1514
1390
1592
1451
978
1038
374
132
-464
-507
-1033
-1060
-853
-438
276
628
1481
2068
2816
3258
3386
3125
3170
2929
2578
2197
1735
1807
1304
1504
1056
934
680
149
-68
-1013
-1038
-1589
-1680
-1967
-2128
-1713
-1706
-1439
-1484
-1214
-990
-694
-772
-752
-663
-533
-379
-544
-208
-273
1
-52
-44
19
-437
-372
-897
-926
-1028
-1280
-1152
-1231
-975
-681
-705
-800
-730
-1126
-888
-1381
-1602
-1400
-1898
-997
-1334
-671
-293
-330
531
-111
666
195
280
311
-224
343
-55
338
396
367
460
576
535
630
63
-91
-92
-454
-248
-758
-320
-448
-142
206
270
637
638
980
940
1235
1180
1292
1192
1262
1310
1337
1618
1440
1628
1452
1772
1655
1453
1345
1135
1075
748
700
122
-103
-370
-412
-448
-732
-483
-368
-793
-746
-1402
-1813
-1845
-3117
-2671
-3655
-3455
-2692
-2996
-1387
-1506
-255
565
523
1489
881
1144
913
436
658
44
276
192
263
806
551
1166
1282
915
1237
220
92
-170
-1161
-923
-1749
-1097
-588
-530
590
978
1975
2547
2551
2818
2579
2160
1852
1039
777
514
338
440
301
621
740
849
792
491
219
27
-390
-738
-940
-926
-640
-778
-305
-75
226
735
475
994
836
777
825
296
322
-84
-100
-315
-469
-540
-707
-707
-867
-796
-1061
-995
-974
-1149
-1029
-1377
-1384
-1558
-1852
-1649
-2205
-1876
-2219
-2119
-1765
-2051
-1112
-1628
-859
-1057
-1112
-572
-1278
-303
-1096
-514
-246
-556
379
-141
671
528
703
1089
683
933
618
711
569
549
497
583
515
641
729
848
1101
1013
1227
895
1294
1013
1034
1015
883
1290
1101
1447
1166
1450
1571
1563
1591
1550
1765
1499
1543
1474
1465
1291
1054
945
735
356
104
-357
-478
-529
-873
-663
-846
-542
-494
-1130
-1126
-1783
-2371
-2704
-4058
-3718
-4222
-3870
-2902
-3142
-1009
-1288
242
395
251
1016
-278
329
-1183
-866
-1438
-1476
-1319
-1318
-483
-361
522
386
1158
359
750
6
-179
-425
-1293
-547
-1037
114
208
1076
1913
2711
3380
3638
3944
3652
3729
2727
2587
1846
1696
1547
1143
1515
1401
1897
1797
1772
1587
1287
1046
499
151
-162
-277
-362
-145
-118
199
445
441
716
384
543
230
-173
-239
-850
-777
-1268
-1387
-1614
-1816
-1748
-1926
-1753
-2072
-1673
-2005
-1797
-1959
-2182
-1913
-2627
-2161
-2798
-2558
-2581
-2736
-2203
-2660
-1838
-2114
-1705
-1386
-1649
-901
-1202
-689
-492
-554
125
-127
357
780
693
1429
1217
1626
1770
1504
1922
1490
1699
1484
1392
1416
1261
1392
1147
1283
1225
1350
1327
1262
1282
1166
1299
1225
1305
1298
1401
1602
1528
1791
1719
1852
1901
1727
2035
1791
2058
1832
1659
1585
1056
1060
136
-36
-706
-1090
-1177
-1756
-1319
-1672
-1186
-1096
-1286
-901
-1412
-1218
-1892
-2643
-2782
-4094
-3856
-5047
-5083
-4691
-5007
-3044
-3716
-1810
-1601
-938
121
-984
272
-1137
-441
-1099
-1493
-1138
-1746
-619
-858
0
479
927
1646
1790
1802
1771
1306
1336
996
379
766
477
1396
1603
2222
3319
3707
4791
4826
5046
4923
4560
4131
3412
2880
2406
2088
1720
1670
1347
1341
1229
1017
885
531
552
291
153
27
-148
-191
-319
-391
-520
-667
-746
-774
-1003
-1090
-1352
-1436
-1524
-1789
-1702
-2050
-1967
-2113
-2298
-2228
-2567
-2494
-2593
-2501
-2431
-2360
-2270
-2081
-1879
-1852
-1622
-1897
-1707
-1990
-2095
-2005
-2406
-1926
-2229
-1665
-1411
-1462
-683
-803
73
11
264
824
746
1415
1174
1410
1611
1595
1784
1667
1655
1889
1798
1806
1905
1670
1996
1674
1655
1530
1303
1618
1328
1490
1511
1548
1728
1564
1604
1639
1558
1645
1646
1667
1927
1912
1927
1888
1738
1725
1454
1032
742
207
-7
-361
-910
-923
-1333
-1129
-1452
-1621
-1488
-1841
-1601
-2109
-2002
-2008
-1870
-1660
-1511
-1311
-1025
-867
-1362
-1307
-2695
-2637
-3945
-4613
-4870
-6136
-4638
-5658
-3981
-4026
-2973
-1354
-1752
390
-916
938
185
427
706
-403
1193
1
1408
909
1555
2092
2157
2814
2409
2855
2361
2798
1986
2221
1689
1731
1908
1537
2379
2023
3132
3149
3626
3945
3957
4406
3883
3797
3127
2974
2456
2104
1504
1083
1003
695
728
374
569
483
482
312
260
56
-301
-584
-1183
-1379
-1976
-2149
-2629
-2902
-2853
-2955
-2633
-2616
-2155
-1920
-1501
-1149
-1037
-752
-748
-494
-811
-853
-1134
-1428
-1629
-2082
-2054
-2502
-2333
-2465
-2480
-2348
-2426
-2020
-2131
-1894
-1793
-1643
-1421
-1347
-1086
-829
-382
-32
533
781
1460
1848
2053
2500
2255
2709
2302
2382
2058
1546
1666
990
1297
769
1079
1114
1188
1591
1326
1880
1525
1769
1514
1448
1504
1213
1244
1030
1190
1015
1142
964
1071
938
815
753
403
408
-3
-134
-534
-736
-894
-1046
-1174
-1243
-1166
-1153
-962
-1029
-809
-944
-885
-1015
-1199
-1108
-1409
-1284
-1543
-1484
-1285
-1349
-983
-1034
-783
-529
-797
-692
-1549
-1961
-2626
-3728
-3739
-4737
-4236
-4457
-4146
-3115
-2907
-1357
-1225
-37
323
854
1476
1185
1667
929
1148
903
1013
1220
960
1355
1543
1900
2217
2362
2508
2818
2674
2991
2804
2843
2866
2449
2698
2445
2777
2676
2655
2707
2645
2948
2742
2799
2451
2372
2140
1736
1523
1048
883
458
241
80
-110
-192
-443
-596
-753
-827
-886
-1002
-1136
-1243
-1316
-1395
-1455
-1618
-1630
-1627
-1609
-1497
-1475
-1210
-1124
-983
-837
-721
-493
-528
-569
-687
-820
-987
-1284
-1638
-1832
-2110
-2172
-2329
-2375
-2289
-2319
-2077
-2040
-1685
-1482
-1151
-954
-759
-521
-351
3
-54
401
380
791
1084
1047
1464
1104
1385
1167
1061
943
481
602
282
415
252
386
603
690
1040
1080
1376
1504
1560
1559
1513
1348
1374
1061
917
760
500
723
270
414
199
155
364
-26
213
-52
60
-67
-393
-281
-546
-420
-626
-602
-425
-452
-90
-204
67
185
194
265
-105
-25
-380
-385
-732
-883
-887
-960
-712
-1037
-643
-878
-619
-920
-1270
-1338
-2053
-2238
-3093
-3211
-3564
-3422
-3495
-3247
-2751
-2371
-1478
-1414
-482
-408
316
479
596
798
580
962
572
1089
683
1314
1244
1442
1937
1623
2514
2004
2508
2319
2217
2467
2083
2270
1891
1958
1901
2029
1992
2048
2148
2213
2469
2294
2350
2241
2193
2084
1898
1744
1621
1482
1307
1187
956
975
816
634
463
184
55
-202
-500
-698
-889
-955
-1099
-1247
-1248
-1241
-1177
-1263
-1225
-1195
-1128
-1114
-1192
-1077
-1127
-992
-1004
-994
-894
-981
-1005
-1220
-1482
-1760
-2072
-2475
-2806
-3120
-3196
-3192
-3196
-2996
-2716
-2187
-1770
-1259
-942
-509
-230
-65
234
97
361
240
376
453
328
651
497
664
564
591
773
739
739
587
658
713
790
714
770
815
882
980
947
1004
1014
1105
1153
1206
1246
1362
1382
1408
1365
1289
1293
1060
949
653
543
385
109
101
-139
-20
-61
-14
177
148
351
331
457
456
458
478
407
382
225
236
39
-52
-210
-348
-377
-671
-805
-964
-1152
-1228
-1536
-1617
-1649
-1913
-1846
-2247
-2294
-2444
-2815
-2788
-3272
-3144
-3335
-3266
-3003
-2929
-2194
-1969
-1248
-783
-311
404
509
1041
1020
1116
1248
1021
1230
1037
1082
1216
1261
1640
1796
2001
2324
2457
2657
2693
2617
2681
2473
2397
2271
2205
2250
2169
2275
2300
2508
2614
2702
2763
2691
2726
2540
2406
2085
1782
1493
1079
801
451
247
-16
-283
-446
-597
-680
-805
-913
-959
-1043
-1084
-1192
-1249
-1191
-1328
-1244
-1335
-1324
-1279
-1449
-1365
-1595
-1634
-1730
-1934
-1998
-2231
-2308
-2350
-2418
-2462
-2503
-2529
-2472
-2477
-2425
-2327
-2203
-2076
-1850
-1739
-1489
-1205
-1130
-768
-862
-505
-459
-403
-159
-417
9
-200
102
146
203
567
466
966
854
1236
1330
1429
1735
1644
1948
1909
2029
2032
1972
1967
1938
1823
1746
1599
1430
1446
1229
1198
1007
875
840
712
661
574
500
465
385
211
246
85
66
-13
-189
-93
-216
-145
-158
-194
-57
-117
-15
22
2
27
-129
-170
-301
-438
-594
-753
-867
-1001
-1009
-1082
-1031
-1076
-1054
-995
-1012
-1013
-1095
-1110
-1230
-1255
-1338
-1337
-1364
-1461
-1392
-1490
-1321
-1399
-1411
-1349
-1514
-1225
-1360
-1099
-1056
-976
-584
-669
-69
-180
230
386
404
974
709
1377
1264
1591
1928
1779
2400
2169
2541
2417
2266
2396
2081
2164
1822
1681
1608
1492
1506
1424
1410
1448
1471
1453
1461
1414
1409
1305
1258
1219
1230
1280
1209
1252
1149
1236
1151
1034
933
581
504
116
-55
-360
-721
-877
-1251
-1299
-1536
-1657
-1742
-1860
-1844
-1925
-1928
-1929
-1940
-1996
-2031
-2065
-1979
-1961
-1899
-1818
-1702
-1460
-1375
-1185
-1127
-1010
-964
-1058
-1064
-1270
-1329
-1500
-1621
-1596
-1651
-1509
-1423
-1205
-981
-771
-499
-315
-94
39
192
286
373
485
570
699
813
947
1135
1202
1311
1355
1392
1451
1291
1284
1089
1053
986
858
851
732
824
768
844
787
831
823
803
850
702
845
716
810
743
755
859
830
973
897
1046
971
1113
1022
1027
986
779
790
379
422
53
-79
-255
-587
-581
-927
-852
-1051
-1064
-1125
-1221
-1121
-1196
-1042
-1078
-966
-873
-751
-662
-573
-518
-429
-378
-435
-357
-525
-465
-676
-718
-740
-916
-773
-962
-795
-799
-743
-617
-737
-587
-727
-736
-848
-1010
-1032
-1187
-1163
-1216
-1062
-892
-738
-467
-303
116
269
507
625
728
902
845
1019
848
1063
935
1022
1111
1037
1365
1070
1386
1208
1311
1369
1167
1374
1139
1395
1316
1494
1596
1719
1920
1991
2214
2174
2275
2096
2047
1832
1636
1342
1006
788
406
214
-155
-317
-552
-727
-867
-1090
-1086
-1236
-1253
-1347
-1386
-1362
-1426
-1398
-1440
-1386
-1395
-1383
-1416
-1363
-1316
-1290
-1281
-1312
-1205
-1217
-1112
-1165
-1066
-1057
-1014
-939
-943
-768
-917
-846
-947
-813
-775
-811
-716
-796
-517
-620
-410
-467
-368
-252
-379
-51
-229
145
-18
123
288
299
773
518
918
751
991
1113
975
1228
903
1129
899
1009
990
899
1004
821
1112
1008
1194
1077
1081
1185
1044
1212
933
1019
795
725
702
481
482
129
82
-87
-204
-284
-448
-548
-598
-563
-546
-482
-549
-426
-422
-331
-291
-347
-317
-474
-441
-541
-544
-654
-759
-776
-844
-724
-751
-621
-570
-431
-220
-71
140
187
270
269
302
285
243
140
-28
-99
-244
-254
-368
-429
-527
-574
-554
-648
-616
-726
-689
-737
-706
-617
-615
-536
-598
-494
-480
-425
-394
-468
-426
-414
-344
-274
-231
-120
33
127
358
466
614
735
712
886
853
971
941
883
984
951
1064
1027
1063
1084
1052
1076
1022
1015
970
873
859
872
898
937
914
983
984
1008
1024
936
925
794
720
581
463
383
194
113
10
-57
-128
-202
-255
-276
-303
-343
-380
-425
-447
-505
-540
-573
-558
-570
-611
-642
-619
-636
-676
-699
-758
-739
-823
-850
-907
-962
-962
-1029
-1025
-1097
-1073
-1057
-1012
-939
-911
-794
-755
-623
-577
-525
-427
-474
-363
-427
-368
-302
-375
-259
-375
-198
-170
-148
-5
-124
103
56
167
242
178
312
236
418
414
488
530
503
636
626
744
655
675
643
602
613
477
487
393
408
370
402
417
412
463
394
474
405
442
361
262
332
229
323
261
256
322
275
415
337
349
363
257
284
169
135
15
-121
-129
-245
-214
-258
-318
-270
-314
-281
-315
-342
-416
-535
-586
-713
-743
-848
-875
-899
-897
-833
-842
-735
-741
-627
-590
-515
-469
-481
-391
-425
-307
-333
-230
-217
-212
-100
-125
-12
-64
2
-1
0
32
-42
14
-7
67
80
131
237
266
378
418
503
566
603
643
641
638
661
648
628
706
686
786
761
754
870
791
909
812
783
864
731
849
769
791
868
813
953
915
987
975
892
859
717
621
453
338
190
99
15
-44
-68
-123
-104
-152
-139
-225
-283
-369
-476
-537
-691
-710
-849
-880
-881
-966
-940
-1014
-996
-983
-1023
-1003
-1045
-1061
-1074
-1121
-1095
-1148
-1189
-1205
-1193
-1101
-1054
-968
-945
-814
-677
-581
-436
-408
-296
-283
-200
-147
-161
-116
-202
-143
-110
-56
-1
-55
14
58
141
235
219
269
288
390
500
589
704
766
864
976
1090
1135
1165
1127
1113
1093
1030
1011
875
835
779
738
781
675
698
616
574
626
487
490
332
229
199
42
30
-130
-194
-212
-289
-256
-334
-358
-386
-413
-401
-425
-466
-531
-600
-636
-655
-721
-734
-799
-809
-783
-785
-725
-745
-719
-646
-625
-535
-514
-492
-445
-478
-417
-442
-431
-415
-414
-321
-288
-199
-126
-40
65
149
268
337
384
426
458
499
504
535
539
544
591
605
638
658
678
721
735
764
764
711
693
614
588
518
459
431
362
384
323
344
309
265
269
194
223
137
104
50
-47
-24
-126
-143
-181
-224
-206
-227
-191
-158
-151
-142
-128
-176
-159
-219
-232
-236
-339
-318
-388
-366
-343
-358
-254
-266
-176
-127
-112
-18
-46
17
17
10
41
-6
-17
-36
-72
-81
-96
-128
-136
-190
-186
-198
-198
-170
-191
-153
-169
-144
-122
-129
-90
-88
-23
-54
-10
1
-5
36
2
60
32
59
52
68
82
78
72
33
39
20
26
-2
-21
-47
-46
-58
-65
-90
-114
-95
-74
-49
-52
-22
-3
26
84
94
101
129
98
97
104
69
55
1
-16
-44
-66
-53
-100
-84
-78
-55
-12
-29
-19
-11
-2
10
-10
-12
-29
-42
-33
-49
-57
-65
-61
-65
-66
-80
-95
-128
-132
-153
-178
-171
-204
-203
-180
-168
-143
-131
-128
-109
-101
-89
-84
-99
-125
-108
-110
-85
-67
-45
-14
25
104
146
209
235
298
321
371
372
357
394
379
453
446
457
466
445
465
450
449
390
336
289
234
197
128
74
16
-36
-66
-84
-83
-93
-93
-61
-54
-20
-36
-62
-78
-127
-114
-173
-184
-206
-260
-229
-246
-257
-264
-268
-259
-238
-216
-207
-199
-178
-161
-145
-112
-110
-94
-90
-55
-38
-27
-11
-29
-38
-44
-37
-43
-18
-25
-16
-4
15
46
68
100
125
174
182
212
209
202
228
228
236
217
198
180
173
159
142
135
119
122
131
142
141
152
166
180
207
209
205
198
182
153
132
115
96
49
-13
-22
-67
-89
-109
-136
-108
-130
-74
-77
-69
-29
-41
3
-9
-13
-10
-35
-59
-76
-94
-106
-157
-171
-183
-220
-223
-238
-253
-284
-282
-301
-318
-315
-319
-325
-331
-320
-298
-272
-237
-239
-243
-219
-237
-230
-213
-224
-235
-227
-223
-220
-218
-240
-251
-242
-240
-233
-230
-235
-232
-213
-188
-152
-93
-61
4
61
110
159
203
269
310
344
371
368
365
386
378
363
351
321
301
302
305
306
294
307
304
307
305
295
309
287
292
273
252
266
255
245
248
223
218
201
179
169
154
137
103
70
25
-18
-54
-79
-106
-108
-110
-131
-141
-155
-177
-183
-194
-199
-210
-221
-234
-246
-241
-229
-226
-216
-222
-231
-217
-236
-212
-212
-197
-187
-195
-180
-181
-143
-133
-98
-70
-18
22
41
77
98
149
145
155
152
144
152
146
147
157
171
168
181
206
217
231
227
229
227
201
198
168
146
128
122
118
116
140
153
165
190
227
243
266
254
241
221
215
203
148
138
87
64
30
3
-19
-63
-66
-120
-109
-145
-165
-133
-155
-144
-156
-134
-112
-102
-75
-88
-78
-89
-84
-91
-107
-128
-189
-193
-242
-284
-325
-355
-364
-392
-404
-437
-430
-435
-453
-437
-444
-444
-421
-412
-385
-367
-336
-286
-268
-223
-203
-169
-157
-141
-134
-157
-137
-148
-157
-172
-185
-182
-161
-128
-96
-79
-44
-14
8
53
58
100
113
115
176
175
213
272
271
309
339
362
393
411
437
444
430
436
403
397
394
370
363
336
355
316
317
318
296
323
306
309
294
291
296
262
262
257
250
250
226
215
187
161
144
117
103
76
40
18
-9
-42
-56
-82
-89
-115
-107
-107
-141
-119
-166
-172
-176
-183
-191
-208
-178
-202
-193
-196
-200
-197
-186
-172
-185
-146
-177
-174
-185
-208
-212
-231
-215
-242
-218
-225
-216
-218
-207
-167
-167
-111
-90
-78
-71
-72
-68
-62
-40
-29
1
25
39
74
82
115
129
163
178
171
182
194
199
189
226
205
220
209
205
214
198
224
220
222
216
220
207
204
188
166
169
141
138
115
105
108
88
97
94
85
66
40
26
17
6
-16
-39
-58
-83
-92
-87
-93
-119
-122
-130
-157
-177
-218
-235
-281
-296
-320
-350
-339
-349
-354
-371
-347
-344
-353
-342
-347
-338
-325
-336
-345
-352
-345
-349
-350
-334
-334
-311
-305
-295
-280
-263
-218
-220
-193
-175
-192
-149
-135
-102
-75
-51
-12
5
59
89
131
167
183
210
243
259
253
277
287
294
304
315
340
351
344
360
363
373
382
370
404
386
404
431
423
446
437
435
445
445
448
438
417
404
381
373
357
330
313
285
269
271
240
207
186
152
140
118
94
61
11
-18
-60
-89
-109
-155
-184
-212
-249
-250
-252
-293
-306
-328
-342
-370
-400
-396
-432
-426
-433
-468
-470
-461
-445
-440
-429
-398
-398
-376
-352
-336
-316
-289
-270
-248
-212
-209
-163
-150
-125
-99
-96
-50
-25
-9
6
24
56
86
121
151
165
192
223
253
287
303
303
316
324
325
343
349
361
360
361
376
365
360
344
346
330
321
288
263
270
240
237
199
171
164
163
145
116
116
81
74
58
14
9
-36
-61
-95
-140
-161
-209
-228
-273
-281
-301
-319
-340
-354
-371
-377
-382
-386
-394
-398
-367
-399
-364
-389
-354
-359
-362
-334
-368
-327
-364
-338
-342
-344
-328
-312
-294
-273
-242
-230
-193
-180
-166
-144
-129
-101
-81
-67
-17
-4
40
70
110
152
149
187
200
205
245
240
252
289
272
303
300
317
328
339
386
394
413
425
423
418
441
441
459
457
442
427
400
395
377
362
350
321
318
297
267
269
247
226
197
169
136
125
97
67
26
3
-8
-36
-14
-43
-55
-66
-96
-81
-103
-131
-147
-150
-160
-192
-194
-232
-245
-266
-259
-278
-314
-290
-315
-299
-305
-324
-321
-310
-310
-294
-291
-287
-292
-287
-268
-266
-243
-247
-243
-234
-215
-188
-177
-155
-147
-123
-104
-77
-57
-40
-7
-3
31
45
68
89
92
92
120
135
154
174
192
231
224
258
254
248
249
254
239
225
220
200
195
190
201
182
184
157
145
168
162
142
130
107
87
93
76
63
49
37
24
1
-11
-32
-36
-56
-46
-46
-51
-68
-88
-83
-102
-100
-146
-152
-192
-203
-210
-230
-241
-267
-239
-270
-254
-272
-286
-275
-288
-265
-280
-257
-255
-248
-226
-241
-193
-205
-194
-192
-183
-152
-136
-111
-112
-69
-71
-41
-1
16
46
64
78
104
124
154
160
179
195
192
222
236
265
286
283
294
299
295
308
320
320
317
318
295
296
271
282
267
233
244
221
223
208
187
184
163
159
158
134
130
81
93
66
42
56
19
20
-17
-34
-49
-59
-81
-91
-85
-102
-116
-137
-145
-143
-142
-158
-174
-188
-203
-202
-221
-228
-229
-230
-242
-245
-232
-241
-215
-208
-198
-189
-171
-174
-178
-141
-138
-124
-110
-92
-93
-85
-69
-54
-19
-15
20
12
17
45
49
88
86
93
103
94
112
122
134
133
128
131
110
118
131
138
142
123
142
132
133
145
125
107
95
89
71
78
71
67
65
41
37
23
18
9
-3
3
-5
-17
-12
-22
-19
-23
-39
-38
-51
-52
-63
-73
-92
-99
-105
-104
-119
-114
-107
-132
-116
-133
-130
-129
-132
-117
-119
-122
-118
-113
-115
-99
-106
-86
-92
-81
-55
-64
-37
-39
-27
-8
5
27
29
33
18
19
34
22
41
43
62
63
80
83
87
99
76
115
101
108
96
84
90
93
85
88
92
74
79
65
92
78
81
90
59
87
70
65
88
67
73
56
54
27
21
15
10
33
33
51
22
22
33
25
34
20
6
5
-19
-10
-25
-26
-29
-41
-35
-45
-48
-52
-54
-66
-56
-78
-56
-67
-76
-68
-78
-48
-63
-60
-65
-78
-75
-69
-68
-56
-62
-62
-41
-30
-31
-32
-35
-33
-29
-40
-24
-52
-13
-2
-25
-5
-18
-19
7
4
2
15
-21
10
0
25
24
17
25
9
37
5
7
-8
-8
1
4
20
17
6
-11
20
27
14
32
15
15
11
14
31
19
23
27
10
16
14
6
20
25
38
22
36
16
13
31
12
15
6
2
-10
7
-5
9
5
-12
12
-9
14
26
-5
21
15
8
10
-6
-2
-6
-2
-13
-1
-8
8
13
2
9
-15
22
20
18
20
-2
24
1
1
27
3
-1
5
-17
-11
-7
-15
5
-19
-14
-7
0
17
-12
5
-5
0
22
1
4
-8
-26
-21
-19
-29
-25
-24
-28
-11
-10
-20
-11
-8
-11
5
-12
-13
6
-10
3
-4
-2
-6
-5
3
-7
-2
0
-11
0
15
2
6
-7
12
-5
2
15
-3
-5
-20
-6
-11
3
1
-4
-28
-22
5
-2
20
9
3
7
-23
-3
-17
-33
-20
-42
-36
-35
-38
-41
-41
-26
-8
-1
-6
-10
-13
-9
-6
4
-5
-4
10
-16
3
9
8
34
20
32
23
29
16
34
54
41
60
36
47
50
49
48
38
35
30
61
46
57
61
48
44
41
50
15
42
25
15
27
4
6
-4
4
-16
-12
-7
-18
-27
-2
-7
-24
-11
-36
-15
-4
-26
-32
-33
-49
-35
-33
-48
-38
-54
-44
-34
-26
-20
-15
4
-17
-3
6
-2
17
10
7
1
-1
-1
9
-8
-11
-9
-10
4
-4
-7
-18
9
-6
13
19
-17
3
1
9
-4
-18
-12
-21
-19
-16
-32
-13
-3
1
22
8
3
-3
13
12
1
2
-4
-17
-4
-4
-13
4
-1
12
7
11
16
16
42
27
18
28
8
-4
0
6
3
-6
1
1
-16
-2
-2
-8
16
-15
-3
-18
-3
-12
-12
-1
-42
-22
-39
-23
-57
-26
-51
-58
-47
-83
-37
-70
-47
-33
-33
-12
-28
-45
-26
-39
-13
-1
-19
-13
-32
-21
-8
-10
2
23
0
12
7
6
17
26
43
41
42
41
52
46
61
52
43
35
39
48
57
64
54
82
67
60
54
46
46
59
72
44
61
40
55
59
54
60
27
54
49
31
36
14
16
22
14
22
-4
-4
-13
-25
-18
-19
-5
-24
-21
-37
-42
-36
-50
-30
-47
-43
-49
-55
-50
-70
-49
-61
-62
-44
-52
-53
-47
-42
-46
-41
-37
-32
-40
-32
-33
-37
-25
-43
-28
-17
-42
-18
-15
-14
-17
-32
-18
-31
2
8
-4
-7
0
10
7
21
0
15
12
23
11
18
14
10
44
29
34
13
30
8
13
35
18
36
22
36
22
24
29
39
54
17
22
24
32
17
34
31
-12
34
27
29
24
4
20
-2
6
-5
-19
1
-12
0
-7
-14
-2
-21
-20
4
-6
-3
-3
-33
6
-20
-23
-7
-34
-18
-38
-27
-29
-29
-16
-12
-21
-39
-31
-30
-30
-28
-14
-24
-29
-24
-43
-31
-39
-28
-21
-25
-21
-29
-14
-16
2
-6
-10
-10
-6
6
9
8
4
23
24
26
14
18
18
31
30
23
39
25
24
48
38
40
55
28
39
11
20
31
31
45
20
43
27
42
45
46
52
42
46
52
53
43
47
32
29
34
34
26
20
9
24
14
11
11
-3
12
13
9
-7
-5
-10
3
0
-11
-1
-19
-13
-14
-14
-8
-17
-10
-23
-15
-19
-35
-29
-46
-29
-37
-44
-32
-38
-52
-42
-55
-70
-55
-69
-47
-62
-58
-61
-64
-29
-46
-43
-48
-47
-41
-21
-41
-47
-33
-59
-33
-44
-45
-37
-50
-36
-31
-26
-34
-19
-8
-1
-8
-4
-1
-6
23
8
25
19
20
38
12
22
17
22
32
30
35
25
34
35
28
26
31
40
25
35
34
23
27
34
41
31
25
39
40
50
39
26
46
43
61
53
54
52
46
50
41
37
32
25
26
7
9
-18
-19
7
-13
13
-24
-3
-7
-16
5
-29
-16
-23
-11
-22
-29
-29
-39
-27
-35
-43
-35
-39
-30
-26
-34
-22
-42
-30
-3
-17
-15
-22
-21
-2
-13
12
-8
-9
17
-1
13
3
11
7
18
25
12
19
13
10
8
1
-8
15
8
3
11
-8
17
22
22
25
23
25
23
39
11
11
7
-2
26
13
4
10
10
13
17
8
10
10
15
29
-8
4
11
8
26
-3
11
0
-4
-1
-17
-1
-28
-13
-11
-23
-22
-30
-28
-40
-26
-25
-28
-32
-35
-27
-34
-40
-38
-34
-27
-32
-37
-45
-35
-24
-14
6
-21
-21
-23
-15
-17
-19
-6
-22
-20
-9
-8
-8
-16
-14
6
5
20
4
7
18
14
33
29
1
-5
11
4
37
41
33
30
13
24
17
32
35
9
30
30
16
21
-4
-8
7
-5
11
19
11
23
6
4
8
1
9
-2
-1
7
-5
1
12
8
-5
-12
-17
-19
-14
-15
-9
-5
-2
15
20
24
26
11
16
12
9
23
26
40
25
-1
13
18
29
25
21
25
2
21
18
6
12
-11
-8
12
12
5
6
-2
-5
-13
-1
-1
-34
-12
-15
-22
-13
-19
-9
-35
-36
-17
-35
-19
-7
-26
-12
-35
-28
-6
-22
-1
-21
-6
-3
-28
-10
-12
-17
-12
-11
-5
0
-15
-13
3
-16
3
3
-2
18
-3
10
-2
-8
10
7
21
2
-14
10
-13
19
32
-2
34
1
5
10
-6
-6
-27
-9
5
-8
-23
-7
-14
-1
-3
-7
-8
-8
15
-14
-8
-10
-5
-5
0
-6
-5
-12
-14
-4
-7
0
-23
-1
-18
2
-17
-3
-3
-33
0
-16
16
1
-4
7
-1
2
8
8
18
14
19
13
9
27
19
18
12
33
35
25
14
25
18
16
33
18
29
15
3
14
17
16
16
11
2
7
1
1
1
12
-8
-16
-6
-19
14
-3
0
-9
-19
-27
-28
-13
-14
4
-14
-8
-30
-29
-24
-10
-1
-21
-6
-17
-17
-17
-8
4
-5
4
0
-5
0
-3
18
6
13
2
-8
6
-9
8
-2
6
-9
-11
6
2
14
7
14
2
13
19
-1
30
18
18
14
2
7
-10
16
25
28
16
-2
8
16
17
31
34
24
22
4
8
7
6
18
12
9
-4
-1
26
10
7
9
-3
-5
-14
-23
-16
-8
-17
-14
-30
-30
-32
-37
-21
-32
-34
-18
-22
-33
-20
-19
-16
-19
-21
-22
-30
-22
-26
-20
-20
-12
-26
-22
-18
-21
-15
-18
2
-18
-15
-21
-15
12
1
3
6
8
-4
0
1
5
24
6
1
9
15
10
14
16
12
29
9
19
21
10
21
19
16
21
34
13
24
26
4
12
2
16
-5
-3
4
-10
19
-6
10
9
-1
-8
0
2
1
6
-11
3
-18
7
-4
12
31
4
22
2
17
12
14
19
13
23
7
35
22
24
41
25
30
29
25
27
42
15
15
30
-4
5
16
-1
1
-7
11
-5
-12
-7
-28
-13
-38
-35
-23
-14
-25
-35
-19
-47
-26
-32
-20
-18
-34
-23
-34
-27
-27
-23
-26
-18
-7
-15
-17
7
-8
-9
-5
1
22
-14
8
-20
-23
-2
-30
-1
-16
-11
1
-2
3
-6
-11
-13
-7
-17
8
-6
-11
-5
-18
9
-14
-2
-15
-41
-6
-27
-28
-16
-27
-8
12
12
5
-7
-2
2
12
29
10
10
-2
10
21
5
12
-2
16
4
4
-4
-16
18
7
13
9
4
-1
-9
13
12
28
10
31
21
25
39
9
25
1
26
19
12
23
8
17
14
23
16
24
13
20
19
9
21
10
11
3
6
15
13
16
-11
-8
6
-4
7
-2
-9
-3
-4
6
5
-6
-1
-1
-21
9
-7
-24
-1
-17
9
-5
5
4
-6
1
6
11
-3
-19
-41
-5
-20
2
13
0
4
-8
-4
-19
-6
2
-12
-14
-11
-23
-17
-15
-16
-13
-13
2
5
-3
6
-10
-10
8
-13
-6
-6
-17
-2
6
2
17
4
14
4
6
32
17
27
-1
9
10
0
19
-5
1
-1
-13
1
-16
-21
-34
-14
-18
-8
-4
-34
-6
-25
-18
-19
-8
-12
-18
0
-12
4
-3
15
12
7
5
-3
14
5
20
8
10
7
9
23
21
19
-7
10
-3
22
20
16
17
-5
19
11
22
19
15
3
-12
-2
1
-9
-8
-16
-11
-20
-26
-9
-21
7
-10
-15
-19
-32
-6
-16
-11
-25
-22
-23
-27
-8
-14
3
-6
-5
7
6
33
38
28
26
23
22
33
10
14
11
1
22
-12
13
4
-11
20
8
19
5
9
7
16
8
-7
17
-3
5
-2
20
36
4
16
-19
-4
3
2
13
-17
-8
-12
0
10
2
1
2
-1
14
5
11
16
-3
9
28
19
8
7
-22
-4
-7
-9
-24
-30
-8
-2
-14
-8
-19
-22
8
-24
-1
-17
-4
-5
-11
15
-23
-16
-23
-22
-5
-6
-12
-18
-10
-6
-16
-18
-27
-11
-5
4
-16
-22
-11
-33
-4
-17
-12
-10
-33
-13
-16
-8
11
-9
5
-7
-5
13
-4
11
-5
5
9
-5
5
1
4
-2
16
12
-11
-3
-8
17
22
14
9
10
14
30
23
17
13
-1
12
6
21
2
8
5
3
12
11
12
-2
-3
-1
6
-5
7
-3
-6
10
-6
6
10
-26
-15
-12
-13
0
-6
-2
-14
-21
3
-6
4
8
-4
4
-6
-1
0
22
20
14
8
11
13
10
13
-3
-2
-5
-6
-6
18
15
24
13
10
6
-15
12
-1
-2
4
-5
3
7
3
14
10
-8
4
-10
-2
-6
-6
10
-2
-8
8
15
23
32
25
27
6
22
15
3
15
0
6
8
0
15
11
19
11
1
26
-7
10
8
10
6
-4
-7
-7
7
-19
3
-27
-20
-21
-29
0
-25
-14
-26
-41
-27
-22
-7
-13
-34
-24
-23
-31
-10
-15
-5
5
-16
1
-5
12
-1
-12
2
-15
-2
-7
1
-6
-2
-2
-10
-7
-17
-7
-1
-5
-9
0
-1
12
15
6
3
-8
-6
-10
-5
5
-1
10
2
-9
0
1
3
4
9
-6
-11
-26
-31
-23
-12
-3
5
0
-9
-11
-24
-23
-24
-20
-29
-19
-23
-23
-24
3
12
7
30
21
21
9
16
3
7
21
11
9
13
33
27
36
32
28
30
22
35
36
44
28
22
36
22
26
34
33
22
22
20
17
28
34
28
5
20
8
7
16
6
25
5
3
19
11
25
14
2
9
-12
-3
-1
-3
-4
-9
-7
-26
-7
-15
-12
2
-14
-13
-17
-24
-21
-9
-18
-9
-10
-27
-6
-18
-7
-1
-30
-26
-46
-36
-38
-34
-21
-24
-10
-30
-30
-45
-27
-30
-30
-28
-40
-9
-28
-8
-26
-32
-16
-12
-11
-17
7
-17
-9
2
7
11
-5
-9
-25
-25
3
9
15
6
-7
-12
-3
19
3
23
7
2
6
-2
20
15
32
17
7
2
2
15
11
20
11
11
3
1
11
21
23
8
26
-3
14
8
-5
24
-4
23
11
1
-3
-9
-8
-1
7
-9
5
-30
-19
-6
-17
2
-4
4
-9
-4
2
0
10
12
3
16
30
0
38
29
34
41
21
31
17
31
22
30
24
15
9
17
-6
-10
20
-4
33
6
12
15
-8
16
-11
8
18
-1
8
6
0
7
-3
-5
19
22
18
6
-1
19
0
1
-4
-23
3
0
-4
-18
-15
-11
-17
-13
-9
-2
0
6
1
-6
-13
-21
-12
-8
0
-3
-24
-29
-47
-32
-18
-31
-24
-23
-14
-19
-26
-31
-34
-42
-32
-27
-34
-35
-34
-17
-12
-13
-18
-21
-15
0
0
6
-3
-7
11
-12
-9
-10
-14
4
2
7
-11
2
5
0
17
6
6
-12
-4
2
7
12
1
22
7
7
15
9
20
35
29
38
40
12
20
4
4
7
6
11
13
18
4
13
13
12
0
3
17
5
19
23
8
25
11
-9
-1
-10
-2
14
8
9
8
1
4
-11
4
10
5
20
3
8
6
4
16
12
25
32
14
15
14
6
14
-3
9
13
4
16
15
21
20
-3
-3
-13
-5
11
2
2
-4
12
7
4
-4
0
-8
-5
-7
-35
-7
-21
-26
-23
-39
-36
-27
-23
-12
-14
-24
-20
-32
-4
-26
-22
-6
-24
5
-9
-8
-12
-22
-20
-10
-7
-17
-14
-1
-7
-17
7
-6
-13
-3
0
1
-1
-9
-18
-4
-5
-5
14
-4
-18
-11
-11
-9
-16
-4
-12
-23
14
-1
13
23
15
17
-6
19
16
7
6
-9
-14
-14
-4
5
-8
-3
-19
-8
-1
-7
4
-29
-15
-27
-9
-15
-10
11
-19
7
-7
0
1
-6
13
-10
10
28
24
35
29
13
16
7
21
32
5
32
6
20
23
16
27
6
13
-15
12
11
9
20
18
18
17
19
8
19
27
19
20
15
10
21
10
14
18
-1
-23
-9
-8
-15
-12
1
-9
-19
4
-8
-3
3
8
9
17
2
10
21
7
13
15
11
-14
6
21
2
7
1
-3
2
-13
7
8
-3
21
-4
-9
-4
-8
11
-7
-17
4
-25
-4
-16
-22
-5
-35
-8
-16
-16
-17
-17
-18
-31
-20
-5
-1
-9
15
-7
-6
1
-20
5
-4
-19
2
-9
0
12
9
4
-7
-1
-5
-18
-6
-7
-18
2
-8
-22
-15
-11
-3
-7
-13
-6
-19
-16
-12
3
-8
-20
-2
-8
-3
-7
4
3
0
2
-4
-8
-22
-4
7
-4
-1
3
-10
-9
-13
-5
14
3
17
2
-7
2
-16
-7
-15
-11
-6
-1
-2
8
5
-6
5
-16
5
3
-21
2
-5
7
-2
-6
19
16
35
38
24
26
26
12
25
17
15
14
6
13
10
26
21
30
14
5
8
13
37
27
55
41
26
33
22
38
19
22
21
11
15
-6
7
-2
-4
0
3
5
7
13
7
12
-8
1
-1
12
25
5
12
-3
-7
5
0
-11
-1
-26
-29
0
-16
-3
-16
-25
-13
-33
-9
-13
-17
-11
-21
-36
-39
-31
-37
-45
-38
-14
-38
-20
-23
-27
-23
-21
5
-4
-2
-28
-12
-2
0
-2
-9
-6
-2
-18
-2
4
2
8
-11
-9
-24
-11
-30
-12
-6
-18
7
-2
-32
-12
-24
-19
-7
-27
-12
-43
-23
-19
-11
-1
-16
-15
-3
-19
2
13
-6
13
-9
19
14
19
19
6
24
18
24
24
38
29
21
8
4
24
-4
22
16
-2
46
33
26
26
1
6
5
-6
12
-3
8
-9
-21
10
0
11
13
8
1
3
7
7
5
12
7
-4
22
6
14
25
8
16
6
14
27
10
12
23
15
33
32
35
33
28
30
14
32
35
14
27
39
8
16
9
-4
18
9
-11
-11
-16
-11
-4
-9
-5
-17
-12
-24
-35
-24
-18
-29
-31
-36
-22
-19
-21
-1
-22
-12
-19
-21
-11
-8
7
7
-21
-28
-28
-34
2
-26
-7
-15
-38
5
-10
9
3
7
3
-11
14
8
2
-3
7
-10
-10
-2
-2
8
-3
15
-6
11
8
-4
9
-14
-7
-23
-9
-5
-7
-2
-30
-18
-19
-21
-2
-17
-17
-20
-25
-8
-10
-6
-7
-12
-13
-7
2
-2
5
3
-3
2
1
-7
-2
7
8
7
-4
-9
6
-5
-6
12
-8
-2
15
6
21
19
11
24
8
13
17
12
18
1
14
28
13
21
8
-2
12
-3
11
7
-4
11
-15
-3
-7
-13
6
-12
-17
-21
-27
-5
4
9
27
8
27
16
26
25
23
41
4
23
9
28
18
16
31
8
20
19
32
27
21
28
33
29
23
17
34
20
33
38
13
9
12
13
-1
3
-8
-5
-18
1
-5
-10
-12
-26
-18
-35
-13
-30
-28
-18
-15
-12
-25
-24
-30
-28
-35
-30
-31
-25
-41
-36
-32
-52
-31
-42
-35
-43
-35
-33
-38
-20
-19
-8
-12
-16
-14
-12
5
12
-12
17
-4
-8
1
-19
7
0
22
13
15
17
13
29
21
11
7
0
-11
20
5
-2
-8
-18
13
-7
-4
2
4
5
15
14
-6
-7
-5
18
-3
20
9
-3
5
4
6
1
2
4
12
-10
3
-17
-7
-17
4
14
-11
5
-14
6
17
-6
-6
-2
-16
-5
3
10
8
5
5
-2
18
14
9
17
5
1
15
26
9
24
14
9
34
14
21
5
18
15
28
29
24
10
-6
22
0
33
5
24
19
14
34
0
24
-12
0
-3
-13
2
-13
-8
-22
-6
-7
-9
-16
-31
-12
-7
0
-6
-13
-19
-20
-14
-8
-13
-6
-12
-25
5
-18
-7
8
-12
2
-3
4
4
-11
-5
-20
-21
-1
-4
2
-1
-18
-8
10
2
15
-8
-6
2
6
32
7
24
26
6
15
21
-9
-7
4
8
14
-5
-6
-21
-5
2
-2
-4
-6
-25
-13
-12
-22
-21
-18
-15
-14
-4
-5
4
-19
0
-7
-16
-2
-12
-20
-17
4
9
-6
-25
-3
-13
8
5
1
4
-19
9
-14
12
14
12
24
19
4
13
18
-6
3
-12
9
-5
0
9
-11
9
11
10
14
-1
1
1
10
18
12
15
8
2
10
13
0
7
10
4
-1
16
6
15
8
6
6
10
16
-3
28
5
7
-12
-12
0
-20
-3
5
2
-9
-7
-22
-16
0
4
4
-15
-3
-6
0
15
-10
4
-7
-6
-6
-13
-8
-8
8
0
-1
6
16
-5
23
25
5
12
-12
13
2
-3
8
-18
-6
-6
-4
-5
-21
3
2
26
12
-5
5
-10
6
3
7
1
-4
1
-8
-28
-18
-8
-10
3
-15
-8
-8
0
14
-8
-3
-15
-1
7
-22
-5
-22
-7
-2
-13
-3
-10
-1
-9
1
-19
-15
-1
-16
8
-13
-15
-2
-13
-18
-29
-21
-37
-11
2
-18
-7
-14
-2
-6
-2
-2
2
22
-7
-3
-3
0
12
-13
4
12
9
25
15
3
12
24
18
24
22
15
23
24
33
25
8
11
5
-1
-1
9
11
21
31
23
26
14
24
27
20
17
15
23
32
15
12
30
14
19
4
-12
-14
-15
5
-4
-19
-11
-5
-13
0
-13
-18
-4
-22
-29
-34
-30
-30
-10
-15
-33
-33
-46
-25
-16
-1
-14
-24
-1
-21
-7
-14
-22
-13
-8
1
-3
-8
-8
4
-8
0
-6
-5
-11
-8
18
3
23
-2
-6
19
12
31
9
12
18
38
38
24
27
31
42
34
24
16
21
12
30
6
8
10
4
17
2
13
0
-3
-4
-1
0
-10
-14
-10
-7
-7
-3
-19
-23
-11
-26
-5
-19
-33
-18
-39
-11
-19
-11
-10
-20
-2
-18
-11
-12
-20
-19
-10
-5
-14
0
-10
0
7
0
9
0
-16
-15
1
10
6
3
21
-14
12
16
-6
14
-7
9
16
5
7
10
2
25
14
19
17
-7
21
8
15
13
-13
4
-13
2
12
-14
6
-14
1
-8
-17
-9
-18
-11
-3
13
-13
8
-19
4
11
-10
17
-30
1
-16
-15
6
-7
7
10
-2
-1
20
10
11
10
29
17
16
29
27
34
33
41
43
26
19
10
-9
9
22
17
13
14
2
31
19
-13
11
2
-2
2
0
-2
-2
8
3
-13
-12
-26
-11
-10
-11
-12
-20
-11
-25
-12
-27
-13
-19
-21
-13
-42
-23
-18
-35
-31
-23
-27
-15
-18
-17
-14
